20240112|283750.91|0|0|1|52.571|0.158|-0.005|12.524|0.046|False|False
20240113|283750.91|0|0|1|52.346|0.153|-0.005|12.705|0.045|False|False
20240114|283750.91|0|0|1|48.492|0.148|-0.004|12.884|0.044|False|False
20240115|283750.91|0|0|1|44.237|0.144|-0.004|13.062|0.043|False|False
20240116|280910.16|0|0|1|43.658|0.141|-0.003|13.237|0.042|False|False
20240117|277387.63|0|0|1|49.578|0.137|-0.004|13.406|0.041|False|False
20240118|265229.22|0|0|1|38.482|0.132|-0.005|13.569|0.039|False|False
20240119|270456.2|0|0|1|40.218|0.126|-0.006|13.722|0.037|False|False
20240120|270456.2|0|0|1|40.979|0.12|-0.006|13.867|0.034|False|False
20240121|270456.2|0|0|1|40.746|0.113|-0.006|14.001|0.032|False|False
20240122|260797.65|0|0|1|18.809|0.106|-0.007|14.126|0.029|False|False
20240123|253638.96|0|0|1|22.565|0.1|-0.006|14.242|0.027|False|False
20240124|256820.6|0|0|1|20.794|0.094|-0.006|14.349|0.025|False|False
20240125|258638.68|0|0|1|21.011|0.088|-0.005|14.449|0.023|False|False
20240126|272615.17|0|0|1|44.526|0.083|-0.005|14.541|0.021|False|False
20240127|272615.17|0|0|1|46.299|0.079|-0.004|14.626|0.019|False|False
20240128|272615.17|0|0|1|51.36|0.076|-0.003|14.704|0.018|False|False
20240129|280342.01|0|0|1|54.158|0.073|-0.003|14.776|0.016|False|False
20240130|282728.24|0|0|1|48.879|0.07|-0.003|14.841|0.015|False|False
20240131|276137.7|0|0|1|49.109|0.066|-0.004|14.899|0.013|False|False
20240201|278864.82|0|0|1|61.34|0.062|-0.004|14.95|0.012|False|False
20240202|278410.3|0|0|1|60.112|0.06|-0.002|14.995|0.01|False|False
20240203|278410.3|0|0|1|58.4|0.057|-0.003|15.033|0.009|False|False
20240204|278410.3|0|0|1|56.339|0.053|-0.004|15.064|0.008|False|False
20240205|274887.77|0|0|1|75.321|0.05|-0.003|15.087|0.006|False|False
20240206|279546.6|0|0|1|75.665|0.047|-0.003|15.102|0.005|False|False
20240207|286591.66|0|0|1|79|0.042|-0.005|15.109|0.003|False|False
20240208|295795.69|0|0|1|82.921|0.039|-0.003|15.106|0.001|False|False
20240209|308522.25|0|0|1|82.842|0.037|-0.003|15.096|-0|False|False
20240210|308522.25|0|0|1|83.495|0.034|-0.002|15.079|-0.002|False|False
20240211|308522.25|0|0|1|85.262|0.035|0.001|15.059|-0.003|False|False
20240212|325680.38|0|0|1|85.915|0.037|0.002|15.038|-0.004|False|False
20240213|320680.66|0|0|1|87.038|0.04|0.003|15.016|-0.004|False|False
20240214|335793.45|0|0|1|92.481|0.043|0.003|14.994|-0.004|False|False
20240215|335452.56|0|0|1|92.208|0.046|0.003|14.973|-0.004|False|False
20240216|336588.86|0|0|1|92.29|0.05|0.003|14.955|-0.004|False|False
20240217|336588.86|0|0|1|89.723|0.054|0.004|14.941|-0.004|False|False
20240218|336588.86|0|0|1|93.498|0.059|0.005|14.933|-0.003|False|False
20240219|336588.86|0|0|1|90.596|0.063|0.004|14.93|-0.002|False|False
20240220|337157.01|0|0|1|90.662|0.068|0.005|14.933|-0.001|False|False
20240221|330452.84|0|0|1|85.729|0.073|0.006|14.942|0.001|False|False
20240222|337725.16|0|0|1|79.791|0.078|0.005|14.958|0.002|False|False
20240223|331361.88|0|0|1|70.36|0.083|0.005|14.98|0.003|False|False
20240224|331361.88|0|0|1|71.067|0.088|0.005|15.009|0.004|False|False
20240225|331361.88|0|0|1|69.862|0.092|0.004|15.044|0.006|False|False
20240226|353633.36|0|0|1|73.328|0.097|0.005|15.085|0.007|False|False
20240227|370336.97|0|0|1|80.268|0.104|0.007|15.136|0.008|False|False
20240228|391472.15|0|0|1|84.523|0.112|0.008|15.197|0.01|False|False
20240229|402494.26|0|0|1|77.791|0.119|0.007|15.268|0.012|False|False
20240301|408971.17|0|0|1|79.073|0.128|0.009|15.349|0.014|False|False
20240302|408971.17|0|0|1|79.462|0.136|0.008|15.439|0.016|False|False
20240303|408971.17|0|0|1|80.224|0.144|0.008|15.539|0.018|False|False
20240304|439196.75|0|0|1|85.838|0.155|0.011|15.651|0.02|False|False
20240305|401357.96|0|0|1|71.236|0.164|0.009|15.773|0.022|False|False
20240306|435106.07|0|0|1|74.621|0.174|0.01|15.906|0.024|False|False
20240307|438969.49|0|0|1|76.693|0.183|0.01|16.05|0.025|False|False
20240308|449423.45|0|0|1|79.221|0.193|0.009|16.205|0.027|False|False
20240309|449423.45|0|0|1|78.769|0.201|0.009|16.371|0.029|False|False
20240310|449423.45|0|0|1|79.024|0.209|0.008|16.547|0.031|False|False
20240311|467263.36|0|0|1|79.244|0.218|0.009|16.732|0.032|False|False
20240312|462831.79|0|0|1|75.548|0.226|0.008|16.927|0.034|False|False
20240313|476694.65|0|0|1|71.716|0.234|0.008|17.132|0.035|False|False
20240314|448968.93|0|0|1|70.613|0.242|0.008|17.348|0.037|False|False
20240315|447605.37|0|0|1|63.66|0.248|0.005|17.574|0.038|False|False
20240316|447605.37|0|0|1|55.632|0.251|0.004|17.807|0.039|False|False
20240317|447605.37|0|0|1|58.397|0.256|0.005|18.049|0.04|False|False
20240318|433401.62|0|0|1|48.54|0.261|0.005|18.3|0.041|False|False
20240319|417038.9|0|0|1|46.614|0.263|0.002|18.557|0.042|False|False
20240320|426697.45|0|0|1|52.86|0.267|0.004|18.822|0.043|False|True
20240321|422152.25|0|0|1|47.839|0.269|0.003|19.092|0.043|False|True
20240322|413743.63|0|0|1|43.257|0.272|0.003|19.368|0.044|False|True
20240323|413743.63|0|0|1|43.4|0.275|0.003|19.651|0.044|False|True
20240324|413743.63|0|0|1|47.538|0.28|0.004|19.942|0.045|False|True
20240325|460786.45|0|0|1|46.983|0.285|0.005|20.241|0.045|False|True
20240326|450332.49|0|0|1|47.883|0.289|0.005|20.548|0.046|False|True
20240327|444650.99|0|0|1|44.696|0.292|0.003|20.859|0.046|False|True
20240328|459877.41|0|0|1|49.036|0.294|0.002|21.177|0.046|False|True
20240329|459877.41|0|0|1|50.749|0.292|-0.002|21.496|0.046|False|True
20240330|459877.41|0|0|1|57.512|0.291|-0.001|21.818|0.046|False|True
20240331|459877.41|0|0|1|55.364|0.29|-0.001|22.142|0.046|False|True
20240401|451696.05|0|0|1|53.815|0.289|-0.001|22.468|0.045|False|True
20240402|427265.6|0|0|1|56.583|0.285|-0.004|22.793|0.045|False|True
20240403|426583.82|0|0|1|45.479|0.278|-0.007|23.115|0.044|False|True
20240404|444082.84|0|0|1|57.024|0.275|-0.003|23.437|0.043|False|True
20240405|436469.63|0|0|1|59.929|0.27|-0.005|23.758|0.042|False|True
20240406|436469.63|0|0|1|61.393|0.265|-0.005|24.078|0.042|False|True
20240407|436469.63|0|0|1|55.75|0.259|-0.006|24.396|0.041|False|True
20240408|465331.65|0|0|1|54.632|0.254|-0.005|24.714|0.04|False|True
20240409|446923.59|0|0|1|47.931|0.248|-0.006|25.029|0.039|False|True
20240410|454536.8|0|0|1|52.642|0.241|-0.007|25.341|0.039|False|True
20240411|456468.51|0|0|1|48.345|0.235|-0.006|25.65|0.038|False|True
20240412|433401.62|0|0|1|44.055|0.226|-0.009|25.952|0.037|False|True
20240413|433401.62|0|0|1|38.718|0.217|-0.009|26.245|0.036|False|True
20240414|433401.62|0|0|1|39.256|0.21|-0.007|26.531|0.034|False|True
20240415|409993.84|0|0|1|38.256|0.205|-0.005|26.812|0.033|False|True
20240416|406244.05|0|0|1|46.422|0.198|-0.007|27.084|0.032|False|True
20240417|394994.68|0|0|1|40.535|0.191|-0.007|27.349|0.031|False|True
20240418|411471.03|0|0|1|39.828|0.189|-0.003|27.611|0.03|False|True
20240419|416698.01|0|0|1|41.754|0.183|-0.006|27.867|0.029|False|True
20240420|416698.01|0|0|1|41.976|0.178|-0.004|28.119|0.028|False|True
20240421|416698.01|0|0|1|40.725|0.175|-0.004|28.367|0.027|False|True
20240422|431015.39|0|0|1|39.824|0.171|-0.003|28.611|0.027|False|True
20240423|430674.5|0|0|1|43.645|0.166|-0.005|28.85|0.026|False|True
20240424|413743.63|0|0|1|35.77|0.158|-0.008|29.08|0.025|False|True
20240425|418856.98|0|0|1|37.235|0.151|-0.007|29.304|0.024|False|True
20240426|412720.96|0|0|1|41.274|0.143|-0.007|29.519|0.023|False|True
20240427|412720.96|0|0|1|48.794|0.135|-0.008|29.724|0.022|False|True
20240428|412720.96|0|0|1|41.286|0.127|-0.008|29.917|0.021|False|True
20240429|407607.61|0|0|1|51.539|0.12|-0.007|30.1|0.02|False|True
20240430|381472.71|0|0|1|40.26|0.11|-0.01|30.271|0.018|False|True
20240501|368064.37|0|0|1|40.639|0.1|-0.01|30.428|0.017|False|True
20240502|384086.2|0|0|1|35.15|0.093|-0.007|30.576|0.016|False|True
20240503|402267|0|0|1|47.382|0.087|-0.006|30.714|0.015|False|True
20240504|402267|0|0|1|46.947|0.08|-0.007|30.842|0.014|False|True
20240505|402267|0|0|1|47.531|0.074|-0.006|30.962|0.013|False|True
20240506|409198.43|0|0|1|39.249|0.067|-0.007|31.071|0.012|False|True
20240507|408289.39|0|0|1|38.359|0.06|-0.007|31.169|0.011|False|True
20240508|402039.74|0|0|1|40.644|0.051|-0.009|31.256|0.01|False|True
20240509|404312.34|0|0|1|46.059|0.044|-0.007|31.333|0.008|False|True
20240510|392949.34|0|0|1|42.48|0.036|-0.008|31.4|0.007|False|True
20240511|392949.34|0|0|1|43.22|0.028|-0.008|31.457|0.006|False|True
20240512|392949.34|0|0|1|45.777|0.022|-0.006|31.507|0.006|False|True
20240513|409084.8|0|0|1|47.701|0.018|-0.004|31.549|0.005|False|True
20240514|398517.21|0|0|1|52.465|0.013|-0.005|31.584|0.004|False|True
20240515|428061.01|0|0|1|69.16|0.01|-0.002|31.613|0.003|False|True
20240516|422152.25|0|0|1|64.489|0.007|-0.003|31.638|0.003|False|True
20240517|434992.44|0|0|1|60.877|0.007|-0.001|31.658|0.002|False|True
20240518|434992.44|0|0|1|58.358|0.005|-0.002|31.672|0.002|False|True
20240519|434992.44|0|0|1|55.988|0.003|-0.002|31.68|0.001|False|True
20240520|454195.91|0|0|1|67.963|0.003|-0|31.681|0.001|False|True
20240521|448514.41|0|0|1|66.565|0.002|-0.001|31.673|0|False|False
20240522|451241.53|0|0|1|66.942|0.001|-0.002|31.656|-0.001|False|False
20240523|434878.81|0|0|1|60.726|-0.001|-0.002|31.628|-0.002|False|False
20240524|448400.78|0|0|1|68.337|-0.002|-0|31.592|-0.003|False|False
20240525|448400.78|0|0|1|69.409|-0.002|-0|31.55|-0.003|False|False
20240526|448400.78|0|0|1|66.127|-0.002|-0|31.5|-0.004|False|False
20240527|448400.78|0|0|1|65.212|-0.002|0|31.443|-0.005|False|False
20240528|442946.54|0|0|1|65.986|-0.002|0|31.38|-0.005|False|False
20240529|441753.425|||0|53.833|-0.002|-0.001|31.309|-0.006|True|False
20240530|441753.425|||0|59.3|-0.001|0.001|31.234|-0.007|True|False
20240531|441753.425|||0|51.382|0.002|0.002|31.154|-0.007|True|False
20240601|441753.425|||0|52.394|0.004|0.002|31.07|-0.008|True|False
20240602|441753.425|||0|54.787|0.003|-0|30.979|-0.008|True|False
20240603|441753.425|||0|38.272|0.003|-0|30.882|-0.009|True|False
20240604|441753.425|||0|51.84|0.004|0|30.779|-0.009|True|False
20240605|441753.425|||0|58.735|0.005|0.001|30.671|-0.01|True|False
20240606|441753.425|||0|63.654|0.007|0.002|30.556|-0.011|False|False
20240607|441753.425|||0|53.654|0.01|0.003|30.436|-0.011|False|False
20240608|441753.425|||0|50.19|0.012|0.002|30.309|-0.012|False|False
20240609|441753.425|||0|55.614|0.016|0.003|30.177|-0.012|False|False
20240610|441753.425|||0|50.631|0.019|0.003|30.039|-0.013|False|False
20240611|441753.425|||0|45.367|0.021|0.002|29.897|-0.014|False|False
20240612|441753.425|||0|53.129|0.024|0.003|29.75|-0.014|False|False
20240613|441753.425|||0|42.879|0.026|0.002|29.6|-0.015|False|False
20240614|441753.425|||0|43.371|0.026|-0|29.442|-0.015|False|False
20240615|441753.425|||0|43.19|0.026|0.001|29.279|-0.016|False|False
20240616|441753.425|||0|45.177|0.026|0|29.111|-0.017|False|False
20240617|441753.425|||0|39.113|0.027|0|28.937|-0.017|False|False
20240618|441753.425|||0|23.438|0.027|0|28.759|-0.018|False|False
20240619|441753.425|||0|19.019|0.024|-0.002|28.578|-0.018|False|False
20240620|441753.425|||0|19.4|0.023|-0.002|28.395|-0.019|False|False
20240621|441753.425|||0|20.87|0.022|-0.001|28.21|-0.019|False|False
20240622|441753.425|||0|22.31|0.021|-0.001|28.025|-0.019|False|False
20240623|441753.425|||0|17.186|0.019|-0.002|27.839|-0.02|False|False
20240624|441753.425|||0|13.417|0.015|-0.004|27.651|-0.02|False|False
20240625|441753.425|||0|26.909|0.013|-0.002|27.461|-0.02|False|False
20240626|441753.425|||0|19.178|0.01|-0.003|27.268|-0.021|False|False
20240627|441753.425|||0|27.329|0.006|-0.003|27.074|-0.021|False|False
20240628|441753.425|||0|26.091|0.004|-0.003|26.878|-0.021|False|False
20240629|441753.425|||0|28.42|0.001|-0.003|26.68|-0.022|False|False
20240630|441753.425|||0|35.472|-0.001|-0.002|26.479|-0.022|False|False
20240701|441753.425|||0|36.679|-0.004|-0.002|26.274|-0.022|False|False
20240702|441753.425|||0|38.15|-0.006|-0.002|26.065|-0.023|False|False
20240703|441753.425|||0|33.835|-0.009|-0.003|25.85|-0.024|False|False
20240704|441753.425|||0|28.032|-0.014|-0.005|25.628|-0.025|False|False
20240705|441753.425|||0|28.702|-0.019|-0.005|25.398|-0.026|False|False
20240706|441753.425|||0|34.292|-0.023|-0.004|25.163|-0.027|False|False
20240707|441753.425|||0|31.959|-0.028|-0.005|24.923|-0.027|False|False
20240708|441753.425|||0|40.225|-0.033|-0.005|24.681|-0.028|False|False
20240709|441753.425|||0|39.486|-0.037|-0.004|24.435|-0.029|False|False
20240710|441753.425|||0|41.142|-0.041|-0.004|24.185|-0.03|False|False
20240711|441753.425|||0|37.416|-0.045|-0.004|23.93|-0.03|False|False
20240712|441753.425|||0|42.527|-0.049|-0.004|23.673|-0.031|False|False
20240713|441753.425|||0|45.12|-0.052|-0.003|23.413|-0.032|False|False
20240714|405467.945|0|0|1|44.349|-0.053|-0.002|23.152|-0.033|False|False
20240715|446196.545|0|0|1|54.89|-0.053|-0|22.891|-0.033|False|False
20240716|458785.385|0|0|1|57.655|-0.054|-0|22.63|-0.033|False|False
20240717|454712.525|0|0|1|60.293|-0.054|-0|22.371|-0.034|False|False
20240718|447060.485|0|0|1|71.713|-0.053|0|22.109|-0.034|False|False
20240719|473966.045|0|0|1|77.11|-0.052|0.001|21.85|-0.034|False|False
20240720|473966.045|0|0|1|75.543|-0.05|0.002|21.591|-0.035|False|False
20240721|473966.045|0|0|1|88.745|-0.048|0.002|21.336|-0.035|False|False
20240722|480507.305|0|0|1|84.887|-0.047|0.001|21.081|-0.035|False|False
20240723|460883.525|0|0|1|74.827|-0.046|0.001|20.829|-0.035|False|False
20240724|461870.885|0|0|1|73.496|-0.043|0.002|20.579|-0.035|False|False
20240725|454589.105|0|0|1|75.956|-0.042|0.002|20.332|-0.036|False|False
20240726|478779.425|0|0|1|78.088|-0.039|0.003|20.088|-0.036|False|False
20240727|478779.425|0|0|1|75.863|-0.036|0.003|19.848|-0.036|False|False
20240728|478779.425|0|0|1|74.127|-0.033|0.003|19.614|-0.035|False|False
20240729|473225.525|0|0|1|57.598|-0.03|0.003|19.384|-0.035|False|False
20240730|463475.345|0|0|1|54.174|-0.029|0.002|19.157|-0.035|False|False
20240731|458908.805|0|0|1|51.81|-0.027|0.001|18.936|-0.035|False|False
20240801|445209.185|0|0|1|54.797|-0.026|0.002|18.722|-0.034|False|False
20240802|439531.865|0|0|1|33.056|-0.024|0.001|18.516|-0.033|False|False
20240803|439531.865|0|0|1|29.62|-0.022|0.002|18.316|-0.033|False|False
20240804|439531.865|0|0|1|21.287|-0.02|0.002|18.124|-0.032|False|False
20240805|376217.405|0|0|1|17.688|-0.021|-0.001|17.934|-0.031|False|False
20240806|399173.525|0|0|1|26.907|-0.02|0.001|17.749|-0.031|False|False
20240807|384980.225|0|0|1|26.352|-0.019|0|17.566|-0.031|False|False
20240808|418180.205|0|0|1|42.776|-0.018|0.002|17.386|-0.031|False|False
20240809|427066.445|0|0|1|36.902|-0.017|0.001|17.212|-0.03|False|False
20240810|427066.445|0|0|1|37.193|-0.015|0.002|17.045|-0.03|False|False
20240811|427066.445|0|0|1|33.325|-0.014|0.001|16.883|-0.029|False|False
20240812|415218.125|0|0|1|36.57|-0.013|0.001|16.725|-0.028|False|False
20240813|427560.125|0|0|1|40.166|-0.013|0|16.572|-0.028|False|False
20240814|414230.765|0|0|1|39.76|-0.015|-0.003|16.42|-0.027|False|False
20240815|401148.245|0|0|1|36.63|-0.018|-0.003|16.27|-0.027|False|False
20240816|420031.505|0|0|1|45.253|-0.021|-0.002|16.123|-0.027|False|False
20240817|420031.505|0|0|1|47.725|-0.023|-0.002|15.981|-0.027|False|False
20240818|420031.505|0|0|1|50.739|-0.026|-0.004|15.841|-0.026|False|False
20240819|414971.285|0|0|1|62.667|-0.03|-0.004|15.705|-0.026|False|False
20240820|418673.885|0|0|1|57.389|-0.035|-0.004|15.571|-0.026|False|False
20240821|433607.705|0|0|1|64.424|-0.038|-0.003|15.44|-0.025|False|False
20240822|423980.945|0|0|1|45.694|-0.04|-0.003|15.311|-0.025|False|False
20240823|447801.005|0|0|1|58.78|-0.041|-0|15.187|-0.025|False|False
20240824|447801.005|0|0|1|58.823|-0.041|-0.001|15.067|-0.024|False|False
20240825|447801.005|0|0|1|67.273|-0.043|-0.001|14.948|-0.024|False|False
20240826|445456.025|0|0|1|60.329|-0.045|-0.002|14.83|-0.023|False|False
20240827|436693.205|0|0|1|47.12|-0.048|-0.004|14.712|-0.024|False|False
20240828|413737.085|0|0|1|50.816|-0.051|-0.002|14.595|-0.024|False|False
20240829|415835.225|0|0|1|55.384|-0.053|-0.002|14.48|-0.024|False|False
20240830|411885.785|0|0|1|50.708|-0.054|-0.001|14.366|-0.024|False|False
20240831|411885.785|0|0|1|48.355|-0.056|-0.002|14.253|-0.023|False|False
20240901|411885.785|0|0|1|46.408|-0.057|-0|14.143|-0.023|False|False
20240902|411885.785|0|0|1|48.873|-0.056|0.001|14.037|-0.023|False|False
20240903|407072.405|0|0|1|45.632|-0.055|0.001|13.935|-0.022|False|False
20240904|407812.925|0|0|1|40.282|-0.051|0.004|13.842|-0.021|False|False
20240905|393125.945|0|0|1|37.939|-0.049|0.002|13.754|-0.02|False|False
20240906|375353.465|0|0|1|18.295|-0.047|0.001|13.67|-0.019|False|False
20240907|375353.465|0|0|1|18.834|-0.049|-0.002|13.587|-0.018|False|False
20240908|375353.465|0|0|1|21.502|-0.051|-0.001|13.501|-0.018|False|False
20240909|401271.665|0|0|1|33.137|-0.051|-0|13.412|-0.019|False|False
20240910|407319.245|0|0|1|43.659|-0.05|0.001|13.322|-0.019|False|False
20240911|404850.845|0|0|1|44.176|-0.049|0.001|13.23|-0.02|False|False
20240912|410404.745|0|0|1|45.763|-0.049|0.001|13.134|-0.021|False|False
20240913|420154.925|0|0|1|54.255|-0.046|0.003|13.039|-0.021|False|False
20240914|420154.925|0|0|1|52.962|-0.043|0.003|12.941|-0.022|False|False
20240915|420154.925|0|0|1|55.576|-0.041|0.002|12.841|-0.022|False|False
20240916|407072.405|0|0|1|47.099|-0.04|0.001|12.738|-0.023|False|False
20240917|420895.445|0|0|1|58.831|-0.038|0.002|12.632|-0.024|False|False
20240918|421512.545|0|0|1|60.76|-0.036|0.002|12.524|-0.025|False|False
20240919|444468.665|0|0|1|70.456|-0.033|0.003|12.413|-0.026|False|False
20240920|441876.845|0|0|1|81.63|-0.031|0.002|12.299|-0.026|False|False
20240921|441876.845|0|0|1|81.644|-0.029|0.002|12.182|-0.027|False|False
20240922|441876.845|0|0|1|81.064|-0.029|0|12.061|-0.028|False|False
20240923|444838.925|0|0|1|75.617|-0.029|-0|11.935|-0.03|False|False
20240924|452244.125|0|0|1|76.277|-0.028|0|11.803|-0.031|False|False
20240925|443974.985|0|0|1|71.461|-0.027|0.001|11.664|-0.033|False|False
20240926|454712.525|0|0|1|73.884|-0.024|0.003|11.52|-0.035|False|False
20240927|461500.625|0|0|1|70.179|-0.021|0.004|11.371|-0.037|False|False
20240928|461500.625|0|0|1|73.6|-0.017|0.003|11.218|-0.038|False|False
20240929|461500.625|0|0|1|77.127|-0.014|0.003|11.06|-0.04|False|False
20240930|445949.705|0|0|1|69.445|-0.012|0.003|10.893|-0.042|False|False
20241001|433607.705|0|0|1|51.945|-0.009|0.002|10.72|-0.044|False|False
20241002|422623.325|0|0|1|45.916|-0.009|0.001|10.538|-0.047|False|False
20241003|428547.485|0|0|1|40.336|-0.007|0.002|10.348|-0.05|False|False
20241004|438421.085|0|0|1|45.44|-0.005|0.002|10.151|-0.053|False|False
20241005|438421.085|0|0|1|44.635|-0.001|0.003|9.948|-0.056|False|False
20241006|438421.085|0|0|1|46.717|0.003|0.004|9.742|-0.059|False|False
20241007|445085.765|0|0|1|45.763|0.007|0.004|9.531|-0.061|False|False
20241008|436940.045|0|0|1|40.982|0.011|0.004|9.317|-0.063|False|False
20241009|428053.805|0|0|1|39.692|0.014|0.002|9.096|-0.066|False|False
20241010|419044.145|0|0|1|27.055|0.015|0.002|8.869|-0.069|False|False
20241011|443604.725|0|0|1|36.348|0.018|0.002|8.639|-0.073|False|False
20241012|443604.725|0|0|1|39.559|0.02|0.002|8.408|-0.076|False|False
20241013|443604.725|0|0|1|39.287|0.02|0|8.172|-0.079|False|False
20241014|463722.185|0|0|1|59.785|0.022|0.002|7.933|-0.082|False|False
20241015|471127.385|0|0|1|75.047|0.024|0.002|7.694|-0.085|False|False
20241016|476187.605|0|0|1|77.368|0.027|0.003|7.455|-0.088|False|False
20241017|469646.345|0|0|1|75.862|0.03|0.002|7.215|-0.09|False|False
20241018|482235.185|0|0|1|75.305|0.032|0.002|6.975|-0.094|False|False
20241019|482235.185|0|0|1|74.926|0.033|0.001|6.732|-0.097|False|False
20241020|482235.185|0|0|1|74.745|0.034|0.001|6.486|-0.101|False|False
20241021|476064.185|0|0|1|68.942|0.035|0.001|6.236|-0.106|False|False
20241022|474089.465|0|0|1|69.446|0.036|0.001|5.983|-0.111|False|False
20241023|466684.265|0|0|1|72.807|0.037|0.001|5.727|-0.117|False|False
20241024|479766.785|0|0|1|77.678|0.039|0.002|5.472|-0.123|False|False
20241025|469152.665|0|0|1|65.437|0.04|0.001|5.22|-0.128|False|False
20241026|469152.665|0|0|1|64.455|0.04|0|4.969|-0.132|False|False
20241027|469152.665|0|0|1|68.409|0.041|0.001|4.72|-0.137|False|False
20241028|489640.385|0|0|1|65.353|0.043|0.002|4.475|-0.143|False|False
20241029|510128.105|0|0|1|69.729|0.046|0.003|4.236|-0.147|False|False
20241030|504574.205|0|0|1|66.64|0.05|0.004|4.008|-0.151|False|False
20241031|490998.005|0|0|1|58.736|0.054|0.004|3.788|-0.153|False|False
20241101|485937.785|0|0|1|53.36|0.059|0.004|3.577|-0.156|False|False
20241102|485937.785|0|0|1|52.902|0.062|0.004|3.375|-0.158|False|False
20241103|485937.785|0|0|1|49.179|0.066|0.003|3.181|-0.16|False|False
20241104|472114.745|0|0|1|51.462|0.069|0.003|2.996|-0.162|False|False
20241105|487665.665|0|0|1|55.978|0.072|0.003|2.82|-0.164|False|False
20241106|535676.045|0|0|1|70.866|0.078|0.006|2.656|-0.165|False|False
20241107|538144.445|0|0|1|68.797|0.084|0.006|2.505|-0.164|False|False
20241108|539255.225|0|0|1|75.108|0.09|0.006|2.369|-0.16|False|False
20241109|539255.225|0|0|1|74.931|0.097|0.007|2.249|-0.153|False|False
20241110|539255.225|0|0|1|78.048|0.103|0.006|2.141|-0.145|False|False
20241111|611826.185|0|0|1|82.843|0.111|0.009|2.048|-0.136|False|False
20241112|630092.345|0|0|1|78.698|0.119|0.008|1.969|-0.124|False|False
20241113|629968.925|0|0|1|81.683|0.126|0.006|1.904|-0.111|False|False
20241114|613800.905|0|0|1|78.391|0.131|0.005|1.846|-0.099|False|False
20241115|643421.705|0|0|1|82.619|0.137|0.006|1.8|-0.086|False|False
20241116|643421.705|0|0|1|81.841|0.143|0.007|1.765|-0.073|False|False
20241117|643421.705|0|0|1|81.44|0.149|0.006|1.74|-0.058|False|False
20241118|643421.705|0|0|1|84.1|0.155|0.006|1.724|-0.042|False|False
20241119|650456.645|0|0|1|84.22|0.161|0.006|1.719|-0.026|False|False
20241120|663045.485|0|0|1|81.912|0.169|0.007|1.73|-0.006|False|False
20241121|689951.045|0|0|1|84.037|0.178|0.009|1.757|0.019|False|False
20241122|697232.825|0|0|1|83.966|0.187|0.009|1.8|0.047|False|False
20241123|697232.825|0|0|1|80.845|0.194|0.008|1.86|0.075|False|False
20241124|697232.825|0|0|1|78.679|0.203|0.009|1.936|0.102|False|False
20241125|666748.085|0|0|1|58.071|0.21|0.007|2.026|0.125|False|False
20241126|638114.645|0|0|1|57.291|0.216|0.006|2.131|0.146|False|False
20241127|679213.505|0|0|1|59.278|0.222|0.006|2.253|0.164|False|False
20241128|679213.505|0|0|1|66.183|0.226|0.005|2.386|0.178|False|False
20241129|681435.065|0|0|1|63.35|0.232|0.006|2.531|0.188|False|False
20241130|681435.065|0|0|1|62.042|0.238|0.006|2.689|0.194|False|False
20241201|681435.065|0|0|1|65.124|0.245|0.007|2.861|0.199|False|False
20241202|672425.405|0|0|1|60.521|0.252|0.007|3.046|0.203|False|False
20241203|672178.565|0|0|1|57.741|0.26|0.007|3.246|0.207|False|False
20241204|696368.885|0|0|1|59.076|0.268|0.008|3.462|0.21|False|False
20241205|696122.045|0|0|1|45.736|0.274|0.006|3.692|0.212|False|False
20241206|713400.845|0|0|1|51.828|0.278|0.004|3.934|0.212|False|False
20241207|713400.845|0|0|1|54.466|0.282|0.004|4.188|0.21|False|False
20241208|713400.845|0|0|1|56.418|0.286|0.004|4.452|0.206|False|False
20241209|675510.905|0|0|1|59.024|0.288|0.003|4.722|0.2|False|False
20241210|677609.045|0|0|1|59.922|0.289|0|4.998|0.194|False|False
20241211|712413.485|0|0|1|60.785|0.287|-0.002|5.275|0.185|False|False
20241212|702539.885|0|0|1|58.79|0.285|-0.002|5.553|0.176|False|False
20241213|714758.465|0|0|1|58.131|0.282|-0.003|5.829|0.166|False|False
20241214|714758.465|0|0|1|60.407|0.281|-0.001|6.104|0.157|False|False
20241215|714758.465|0|0|1|63.628|0.278|-0.003|6.379|0.149|False|False
20241216|743268.485|0|0|1|69.496|0.276|-0.002|6.653|0.141|False|False
20241217|749562.905|0|0|1|69.465|0.275|-0.001|6.925|0.134|False|False
20241218|705748.805|0|0|1|52.167|0.272|-0.003|7.197|0.128|False|False
20241219|675387.485|0|0|1|51.508|0.268|-0.004|7.466|0.122|False|False
20241220|676498.265|0|0|1|45.944|0.263|-0.005|7.73|0.116|False|False
20241221|676498.265|0|0|1|45.042|0.256|-0.007|7.988|0.11|False|False
20241222|676498.265|0|0|1|39.061|0.249|-0.007|8.239|0.104|False|False
20241223|652554.785|0|0|1|44.427|0.242|-0.007|8.482|0.097|False|False
20241224|694023.905|0|0|1|53.589|0.236|-0.006|8.72|0.092|False|False
20241225|694023.905|0|0|1|46.096|0.232|-0.004|8.954|0.087|False|False
20241226|670203.845|0|0|1|41.947|0.228|-0.004|9.183|0.083|False|False
20241227|662551.805|0|0|1|36.281|0.223|-0.006|9.404|0.078|False|False
20241228|662551.805|0|0|1|38.71|0.218|-0.005|9.618|0.074|False|False
20241229|662551.805|0|0|1|29.454|0.211|-0.006|9.826|0.07|False|False
20241230|660947.345|0|0|1|23.609|0.205|-0.006|10.028|0.066|False|False
20241231|654776.345|0|0|1|25.59|0.2|-0.006|10.224|0.063|False|False
20250101|654776.345|0|0|1|36.569|0.194|-0.005|10.413|0.06|False|False
20250102|683409.785|0|0|1|48.551|0.19|-0.004|10.596|0.057|False|False
20250103|690691.565|0|0|1|50.806|0.185|-0.005|10.771|0.053|False|False
20250104|690691.565|0|0|1|52.363|0.181|-0.004|10.939|0.05|False|False
20250105|690691.565|0|0|1|58.291|0.175|-0.005|11.099|0.047|False|False
20250106|717967.385|0|0|1|66.28|0.171|-0.004|11.251|0.045|False|False
20250107|676251.425|0|0|1|46.327|0.165|-0.006|11.396|0.042|False|False
20250108|658355.525|0|0|1|41.531|0.16|-0.005|11.532|0.039|False|False
20250109|658355.525|0|0|1|43.152|0.154|-0.006|11.66|0.036|False|False
20250110|664526.525|0|0|1|51.083|0.147|-0.007|11.781|0.034|False|False
20250111|664526.525|0|0|1|48.75|0.14|-0.007|11.894|0.031|False|False
20250112|664526.525|0|0|1|52.144|0.133|-0.007|12.001|0.029|False|False
20250113|656874.485|0|0|1|54.359|0.126|-0.007|12.101|0.027|False|False
20250114|676745.105|0|0|1|56.833|0.119|-0.007|12.193|0.025|False|False
20250115|699084.125|0|0|1|61.839|0.112|-0.007|12.28|0.023|False|False
20250116|704638.025|0|0|1|55.984|0.105|-0.007|12.362|0.022|False|False
20250117|735863.285|0|0|1|61.569|0.101|-0.004|12.441|0.02|False|False
20250118|735863.285|0|0|1|61.267|0.098|-0.003|12.518|0.019|False|False
20250119|735863.285|0|0|1|54.529|0.094|-0.004|12.593|0.019|False|False
20250120|735863.285|0|0|1|49.889|0.091|-0.003|12.669|0.018|False|False
20250121|745736.885|0|0|1|67.229|0.09|-0.001|12.746|0.018|False|False
20250122|732901.205|0|0|1|65.722|0.089|-0.001|12.825|0.018|False|False
20250123|725619.425|0|0|1|72.835|0.086|-0.003|12.905|0.019|False|False
20250124|736850.645|0|0|1|71.283|0.084|-0.002|12.985|0.019|False|False
20250125|736850.645|0|0|1|71.373|0.083|-0.001|13.067|0.019|False|False
20250126|736850.645|0|0|1|65.945|0.082|-0.001|13.15|0.019|False|False
20250127|711796.385|0|0|1|64.415|0.08|-0.001|13.234|0.019|False|False
20250128|710685.605|0|0|1|59.597|0.079|-0.001|13.319|0.019|False|False
20250129|732407.525|0|0|1|56.835|0.079|-0|13.407|0.02|False|False
20250130|737097.485|0|0|1|60.51|0.079|-0|13.499|0.02|False|False
20250131|712290.065|0|0|1|45.173|0.078|-0.001|13.596|0.021|False|False
20250201|712290.065|0|0|1|41.845|0.075|-0.002|13.694|0.021|False|False
20250202|712290.065|0|0|1|42.494|0.071|-0.004|13.794|0.022|False|False
20250203|710685.605|0|0|1|48.799|0.069|-0.003|13.895|0.022|False|False
20250204|692789.705|0|0|1|33.348|0.065|-0.004|13.997|0.022|False|False
20250205|682916.105|0|0|1|35.095|0.06|-0.005|14.098|0.022|False|False
20250206|680324.285|0|0|1|34.208|0.057|-0.003|14.2|0.022|False|False
20250207|672301.985|0|0|1|31.601|0.055|-0.002|14.305|0.022|False|False
20250208|672301.985|0|0|1|31.682|0.054|-0.002|14.41|0.022|False|False
20250209|672301.985|0|0|1|34.889|0.051|-0.002|14.514|0.022|False|False
20250210|683533.205|0|0|1|38.821|0.049|-0.002|14.617|0.022|False|False
20250211|667858.865|0|0|1|37.151|0.047|-0.003|14.717|0.021|False|False
20250212|680817.965|0|0|1|36.472|0.045|-0.002|14.816|0.021|False|False
20250213|675634.325|0|0|1|31.337|0.042|-0.003|14.911|0.02|False|False
20250214|682916.105|0|0|1|37.933|0.038|-0.003|15.001|0.019|False|False
20250215|682916.105|0|0|1|41.736|0.035|-0.003|15.087|0.018|False|False
20250216|682916.105|0|0|1|45.559|0.03|-0.005|15.165|0.017|False|False
20250217|682916.105|0|0|1|29.493|0.025|-0.005|15.238|0.016|False|False
20250218|660453.665|0|0|1|38.822|0.022|-0.003|15.306|0.015|False|False
20250219|674523.545|0|0|1|50.098|0.019|-0.003|15.368|0.013|False|False
20250220|691678.925|0|0|1|57.284|0.015|-0.004|15.426|0.012|False|False
20250221|665513.885|0|0|1|48.568|0.012|-0.003|15.477|0.011|False|False
20250222|665513.885|0|0|1|50.329|0.009|-0.003|15.522|0.01|False|False
20250223|665513.885|0|0|1|49.235|0.005|-0.003|15.561|0.009|False|False
20250224|659219.465|0|0|1|33.907|0.001|-0.005|15.592|0.007|False|False
20250225|617503.505|0|0|1|32.2|-0.004|-0.005|15.617|0.006|False|False
20250226|591955.565|0|0|1|19.153|-0.009|-0.005|15.635|0.005|False|False
20250227|584426.945|0|0|1|21.674|-0.014|-0.005|15.646|0.003|False|False
20250228|591215.045|0|0|1|17.94|-0.02|-0.006|15.651|0.002|False|False
20250301|591215.045|0|0|1|23.841|-0.025|-0.005|15.648|0.001|False|False
20250302|591215.045|0|0|1|46.665|-0.027|-0.002|15.641|-0|False|False
20250303|603557.045|0|0|1|36.762|-0.031|-0.004|15.631|-0.001|False|False
20250304|609604.625|0|0|1|38.936|-0.033|-0.003|15.618|-0.002|False|False
20250305|634905.725|0|0|1|42.465|-0.037|-0.003|15.6|-0.003|False|False
20250306|625032.125|0|0|1|39.227|-0.039|-0.003|15.579|-0.003|False|False
20250307|610098.305|0|0|1|38.233|-0.042|-0.002|15.553|-0.004|False|False
20250308|610098.305|0|0|1|36.972|-0.045|-0.003|15.523|-0.005|False|False
20250309|610098.305|0|0|1|32.683|-0.048|-0.004|15.489|-0.006|False|False
20250310|554312.465|0|0|1|34.828|-0.053|-0.004|15.449|-0.007|False|False
20250311|583069.325|0|0|1|43.342|-0.056|-0.003|15.406|-0.008|False|False
20250312|581958.545|0|0|1|49.23|-0.06|-0.004|15.361|-0.008|False|False
20250313|561841.085|0|0|1|45.759|-0.063|-0.004|15.316|-0.009|False|False
20250314|594177.125|0|0|1|49.556|-0.067|-0.003|15.27|-0.009|False|False
20250315|594177.125|0|0|1|48.088|-0.07|-0.003|15.223|-0.009|False|False
20250316|594177.125|0|0|1|34.532|-0.073|-0.004|15.177|-0.009|False|False
20250317|593189.765|0|0|1|46.794|-0.076|-0.003|15.13|-0.009|False|False
20250318|577762.265|0|0|1|42.79|-0.079|-0.003|15.086|-0.009|False|False
20250319|599977.865|0|0|1|44.104|-0.081|-0.002|15.042|-0.009|False|False
20250320|590597.945|0|0|1|41.477|-0.084|-0.003|14.998|-0.009|False|False
20250321|588746.645|0|0|1|45.631|-0.087|-0.003|14.952|-0.009|False|False
20250322|588746.645|0|0|1|46.196|-0.09|-0.004|14.903|-0.009|False|False
20250323|588746.645|0|0|1|60.029|-0.092|-0.002|14.854|-0.01|False|False
20250324|619354.805|0|0|1|66.879|-0.094|-0.002|14.804|-0.01|False|False
20250325|618861.125|0|0|1|60.354|-0.096|-0.001|14.757|-0.01|False|False
20250326|607012.805|0|0|1|57.234|-0.096|0|14.712|-0.01|False|False
20250327|610221.725|0|0|1|65.595|-0.094|0.001|14.67|-0.009|False|False
20250328|587018.765|0|0|1|50.984|-0.093|0.002|14.631|-0.008|False|False
20250329|587018.765|0|0|1|45.823|-0.092|0.001|14.595|-0.008|False|False
20250330|587018.765|0|0|1|49.368|-0.091|0.001|14.561|-0.007|False|False
20250331|577762.265|0|0|1|45.785|-0.091|0|14.525|-0.007|False|False
20250401|596151.845|0|0|1|56.324|-0.093|-0.002|14.486|-0.007|False|False
20250402|609851.465|0|0|1|37.813|-0.094|-0|14.444|-0.008|False|False
20250403|574800.185|0|0|1|46.643|-0.094|0|14.399|-0.009|False|False
20250404|588870.065|0|0|1|49.395|-0.094|-0.001|14.352|-0.009|False|False
20250405|588870.065|0|0|1|49.013|-0.096|-0.001|14.305|-0.01|False|False
20250406|588870.065|0|0|1|30.068|-0.097|-0.002|14.259|-0.01|False|False
20250407|546413.585|0|0|1|28.529|-0.098|-0.001|14.212|-0.01|False|False
20250408|538021.025|0|0|1|24.752|-0.098|0|14.164|-0.01|False|False
20250409|578009.105|0|0|1|42.249|-0.095|0.002|14.118|-0.01|False|False
20250410|557521.385|0|0|1|37.655|-0.095|0|14.071|-0.01|False|False
20250411|588376.385|0|0|1|48.497|-0.094|0.001|14.023|-0.01|False|False
20250412|588376.385|0|0|1|54.247|-0.092|0.003|13.975|-0.01|False|False
20250413|588376.385|0|0|1|52.046|-0.09|0.001|13.926|-0.01|False|False
20250414|595905.005|0|0|1|52.962|-0.089|0.001|13.878|-0.01|False|False
20250415|589240.325|0|0|1|47.649|-0.087|0.002|13.829|-0.01|False|False
20250416|591955.565|0|0|1|52.617|-0.085|0.002|13.779|-0.011|False|False
20250417|595658.165|0|0|1|53.006|-0.083|0.002|13.728|-0.011|False|False
20250418|595658.165|0|0|1|51.028|-0.083|0|13.676|-0.011|False|False
20250419|595658.165|0|0|1|52.615|-0.082|0.001|13.623|-0.011|False|False
20250420|595658.165|0|0|1|64.133|-0.081|0.001|13.571|-0.011|False|False
20250421|613677.485|0|0|1|65.963|-0.079|0.002|13.521|-0.011|False|False
20250422|642804.605|0|0|1|79.699|-0.076|0.003|13.473|-0.011|False|False
20250423|656627.645|0|0|1|74.331|-0.073|0.002|13.427|-0.011|False|False
20250424|657368.165|0|0|1|85.513|-0.071|0.003|13.381|-0.01|False|False
20250425|669833.585|0|0|1|82.978|-0.067|0.003|13.335|-0.01|False|False
20250426|669833.585|0|0|1|80.492|-0.064|0.003|13.288|-0.01|False|False
20250427|669833.585|0|0|1|84.397|-0.059|0.005|13.243|-0.01|False|False
20250428|665020.205|0|0|1|84.778|-0.054|0.006|13.201|-0.01|False|False
20250429|669216.485|0|0|1|85.804|-0.049|0.005|13.161|-0.01|False|False
20250430|660453.665|0|0|1|84.99|-0.044|0.005|13.126|-0.009|False|False
20250501|678226.145|0|0|1|86.329|-0.038|0.005|13.094|-0.008|False|False
20250502|681188.225|0|0|1|89.098|-0.032|0.006|13.066|-0.007|False|False
20250503|681188.225|0|0|1|83.136|-0.027|0.006|13.041|-0.006|False|False
20250504|681188.225|0|0|1|75.673|-0.022|0.005|13.016|-0.006|False|False
20250505|661934.705|0|0|1|72.745|-0.017|0.005|12.992|-0.006|False|False
20250506|666130.985|0|0|1|63.976|-0.009|0.008|12.972|-0.005|False|False
20250507|674893.805|0|0|1|63.893|-0.002|0.007|12.957|-0.005|False|False
20250508|711179.285|0|0|1|75.884|0.008|0.01|12.949|-0.003|False|False
20250509|724014.965|0|0|1|73.635|0.016|0.008|12.947|-0.002|False|False
20250510|724014.965|0|0|1|76.299|0.025|0.009|12.952|-0|False|False
20250511|724014.965|0|0|1|77.525|0.032|0.007|12.965|0.001|False|False
20250512|714388.205|0|0|1|70.755|0.039|0.006|12.982|0.003|False|False
20250513|735863.285|0|0|1|75.299|0.046|0.007|13.004|0.004|False|False
20250514|725002.325|0|0|1|73.227|0.052|0.007|13.028|0.005|False|False
20250515|724138.385|0|0|1|70.135|0.059|0.007|13.058|0.006|False|False
20250516|730679.645|0|0|1|68.432|0.065|0.006|13.092|0.007|False|False
20250517|730679.645|0|0|1|71.31|0.071|0.006|13.13|0.008|False|False
20250518|730679.645|0|0|1|82.251|0.078|0.007|13.175|0.009|False|False
20250519|740429.825|0|0|1|78.256|0.085|0.006|13.225|0.01|False|False
20250520|751784.465|0|0|1|77.226|0.092|0.007|13.281|0.011|False|False
20250521|762645.425|0|0|1|80.107|0.098|0.007|13.342|0.013|False|False
20250522|780417.905|0|0|1|75.114|0.103|0.005|13.407|0.014|False|False
20250523|763139.105|0|0|1|60.327|0.107|0.004|13.474|0.015|False|False
20250524|763139.105|0|0|1|57.863|0.111|0.004|13.544|0.015|False|False
20250525|763139.105|0|0|1|62.12|0.114|0.004|13.617|0.016|False|False
20250526|763139.105|0|0|1|67.041|0.118|0.004|13.692|0.016|False|False
20250527|771408.245|0|0|1|63.016|0.122|0.004|13.768|0.017|False|False
20250528|750303.425|0|0|1|61.161|0.126|0.003|13.844|0.017|False|False
20250529|740429.825|0|0|1|54.506|0.128|0.003|13.918|0.016|False|False
20250530|733888.565|0|0|1|51.135|0.131|0.003|13.99|0.016|False|False
20250531|733888.565|0|0|1|53.176|0.133|0.002|14.061|0.016|False|False
20250601|733888.565|0|0|1|48.067|0.135|0.002|14.131|0.015|False|False
20250602|732654.365|0|0|1|50.691|0.138|0.002|14.199|0.015|False|False
20250603|745490.045|0|0|1|46.461|0.141|0.003|14.268|0.015|False|False
20250604|736110.125|0|0|1|35.459|0.143|0.002|14.333|0.014|False|False
20250605|714264.785|0|0|1|22.212|0.143|0|14.392|0.014|False|False
20250606|731420.165|0|0|1|41.271|0.143|0|14.445|0.012|False|False
20250607|731420.165|0|0|1|43.719|0.141|-0.002|14.489|0.011|False|False
20250608|731420.165|0|0|1|40.027|0.14|-0.002|14.526|0.009|False|False
20250609|762398.585|0|0|1|52.098|0.139|-0.001|14.553|0.007|False|False
20250610|768816.425|0|0|1|53.166|0.139|0|14.573|0.006|False|False
20250611|763262.525|0|0|1|52.176|0.138|-0.001|14.585|0.004|False|False
20250612|749192.645|0|0|1|50.687|0.137|-0.002|14.591|0.003|False|False
20250613|737344.325|0|0|1|55.383|0.136|-0.001|14.59|0.001|False|False
20250614|737344.325|0|0|1|52.149|0.134|-0.001|14.581|-0|False|False
20250615|737344.325|0|0|1|49.729|0.133|-0.002|14.564|-0.002|False|False
20250616|762768.845|0|0|1|52.348|0.132|-0.001|14.54|-0.003|False|False
20250617|734382.245|0|0|1|48.043|0.128|-0.004|14.507|-0.005|False|False
20250618|727840.985|0|0|1|50.363|0.125|-0.003|14.463|-0.007|False|False
20250619|727840.985|0|0|1|58.7|0.121|-0.003|14.407|-0.009|False|False
20250620|724138.385|0|0|1|46.71|0.117|-0.005|14.337|-0.012|False|False
20250621|724138.385|0|0|1|39.668|0.111|-0.006|14.253|-0.014|False|False
20250622|724138.385|0|0|1|36.144|0.107|-0.004|14.157|-0.017|False|False
20250623|724138.385|0|0|1|36.474|0.104|-0.003|14.051|-0.02|False|False
20250624|741293.765|0|0|1|38.213|0.1|-0.004|13.936|-0.022|False|False
20250625|756289.295|0|0|1|46.237|0.097|-0.003|13.811|-0.024|False|False
20250626|754623.125|0|0|1|53.379|0.093|-0.003|13.677|-0.027|False|False
20250627|749439.485|0|0|1|53.277|0.091|-0.003|13.536|-0.029|False|False
20250628|749439.485|0|0|1|56.25|0.089|-0.002|13.387|-0.031|False|False
20250629|749439.485|0|0|1|58.956|0.087|-0.001|13.228|-0.033|False|False
20250630|755487.065|0|0|1|51.07|0.086|-0.002|13.062|-0.035|False|False
20250701|738578.525|0|0|1|53.641|0.083|-0.002|12.885|-0.037|False|False
20250702|770420.885|0|0|1|61.078|0.082|-0.001|12.7|-0.04|False|False
20250703|767582.225|0|0|1|63.39|0.081|-0.001|12.507|-0.042|False|False
20250704|767582.225|0|0|1|62.583|0.08|-0.001|12.309|-0.045|False|False
20250705|767582.225|0|0|1|66.669|0.08|-0|12.107|-0.047|False|False
20250706|767582.225|0|0|1|73.358|0.079|-0.001|11.9|-0.049|False|False
20250707|757832.045|0|0|1|59.728|0.077|-0.002|11.689|-0.05|False|False
20250708|763015.685|0|0|1|60.247|0.075|-0.002|11.475|-0.052|False|False
20250709|784737.605|0|0|1|63.015|0.072|-0.003|11.26|-0.054|False|False
20250710|796092.245|0|0|1|73.154|0.071|-0.001|11.046|-0.055|False|False
20250711|829539.065|0|0|1|74.955|0.07|-0.001|10.833|-0.056|False|False
20250712|829539.065|0|0|1|74.37|0.07|0|10.623|-0.057|False|False
20250713|829539.065|0|0|1|75.118|0.071|0.001|10.415|-0.057|False|False
20250714|841510.805|0|0|1|80.499|0.072|0.001|10.21|-0.058|False|False
20250715|816579.965|0|0|1|78.118|0.071|-0|10.007|-0.058|False|False
20250716|837191.105|0|0|1|75.621|0.071|-0|9.806|-0.058|False|False
20250717|834969.545|0|0|1|75.317|0.072|0|9.61|-0.059|False|False
20250718|822997.805|0|0|1|76.633|0.072|0.001|9.419|-0.059|False|False
20250719|822997.805|0|0|1|76.125|0.072|0|9.236|-0.058|False|False
20250720|822997.805|0|0|1|72.143|0.073|0.001|9.061|-0.057|False|False
20250721|818678.105|0|0|1|76.224|0.075|0.002|8.894|-0.056|False|False
20250722|837067.685|0|0|1|78.567|0.077|0.002|8.735|-0.054|False|False
20250723|830526.425|0|0|1|70.412|0.078|0.001|8.581|-0.053|False|False
20250724|835092.965|0|0|1|58.55|0.078|0|8.431|-0.052|False|False
20250725|819048.365|0|0|1|50.453|0.078|-0|8.287|-0.051|False|False
20250726|819048.365|0|0|1|51.918|0.078|0|8.147|-0.051|False|False
20250727|819048.365|0|0|1|51.261|0.079|0|8.014|-0.049|False|False
20250728|828181.445|0|0|1|43.107|0.079|-0|7.887|-0.048|False|False
20250729|823368.065|0|0|1|50.609|0.078|-0|7.766|-0.047|False|False
20250730|819171.785|0|0|1|45.885|0.078|0|7.65|-0.045|False|False
20250731|818554.685|0|0|1|35.925|0.079|0.001|7.539|-0.044|False|False
20250801|792636.485|0|0|1|32.905|0.079|-0.001|7.433|-0.043|False|False
20250802|792636.485|0|0|1|31.241|0.078|-0.001|7.33|-0.042|False|False
20250803|792636.485|0|0|1|40.041|0.078|-0|7.232|-0.041|False|False
20250804|804731.645|0|0|1|42.69|0.078|0|7.139|-0.04|False|False
20250805|796709.345|0|0|1|29.91|0.077|-0.001|7.051|-0.038|False|False
20250806|808557.665|0|0|1|36.891|0.077|0|6.969|-0.036|False|False
20250807|824849.105|0|0|1|47.327|0.078|0|6.892|-0.035|False|False
20250808|816209.705|0|0|1|47.108|0.077|-0.001|6.823|-0.032|False|False
20250809|816209.705|0|0|1|45.548|0.075|-0.002|6.758|-0.03|False|False
20250810|816209.705|0|0|1|49.596|0.074|-0.002|6.698|-0.028|False|False
20250811|834846.125|0|0|1|52.43|0.072|-0.002|6.644|-0.026|False|False
20250812|838672.145|0|0|1|56.236|0.07|-0.002|6.595|-0.024|False|False
20250813|861998.525|0|0|1|63.048|0.068|-0.002|6.551|-0.022|False|False
20250814|827317.505|0|0|1|55.411|0.066|-0.002|6.512|-0.02|False|False
20250815|820035.725|0|0|1|59.038|0.064|-0.002|6.475|-0.018|False|False
20250816|820035.725|0|0|1|61.355|0.062|-0.002|6.439|-0.017|False|False
20250817|820035.725|0|0|1|58.005|0.06|-0.002|6.405|-0.017|False|False
20250818|815222.345|0|0|1|52.871|0.058|-0.002|6.372|-0.016|False|False
20250819|792266.225|0|0|1|47.157|0.056|-0.002|6.338|-0.016|False|False
20250820|801029.045|0|0|1|48.404|0.054|-0.002|6.303|-0.016|False|False
20250821|786095.225|0|0|1|38.956|0.051|-0.003|6.268|-0.016|False|False
20250822|817690.745|0|0|1|50.348|0.049|-0.002|6.234|-0.016|False|False
20250823|817690.745|0|0|1|47.985|0.047|-0.002|6.198|-0.017|False|False
20250824|817690.745|0|0|1|39.192|0.045|-0.002|6.162|-0.017|False|False
20250825|776098.205|0|0|1|35.566|0.042|-0.003|6.124|-0.018|False|False
20250826|778813.445|0|0|1|36.074|0.039|-0.003|6.084|-0.018|False|False
20250827|785601.545|0|0|1|27.929|0.037|-0.003|6.041|-0.02|False|False
20250828|784737.605|0|0|1|37.784|0.035|-0.002|5.997|-0.021|False|False
20250829|758325.725|0|0|1|33.34|0.032|-0.003|5.952|-0.022|False|False
20250830|758325.725|0|0|1|34.083|0.03|-0.002|5.907|-0.022|False|False
20250831|758325.725|0|0|1|33.43|0.029|-0.002|5.864|-0.022|False|False
20250901|758325.725|0|0|1|37.326|0.028|-0.001|5.823|-0.022|False|False
20250902|777208.985|0|0|1|46.882|0.026|-0.001|5.785|-0.021|False|False
20250903|787082.585|0|0|1|44.944|0.025|-0.001|5.75|-0.02|False|False
20250904|769556.945|0|0|1|46.522|0.024|-0.001|5.717|-0.018|False|False
20250905|782762.885|0|0|1|34.437|0.023|-0.002|5.684|-0.017|False|False
20250906|782762.885|0|0|1|36.39|0.02|-0.003|5.65|-0.017|False|False
20250907|782762.885|0|0|1|43.618|0.018|-0.002|5.617|-0.018|False|False
20250908|786218.645|0|0|1|56.274|0.016|-0.002|5.583|-0.018|False|False
20250909|780294.485|0|0|1|49.054|0.013|-0.003|5.549|-0.018|False|False
20250910|796462.505|0|0|1|58.424|0.011|-0.002|5.515|-0.018|False|False
20250911|802633.505|0|0|1|59.004|0.008|-0.002|5.482|-0.018|False|False
20250912|819295.205|0|0|1|79.781|0.005|-0.003|5.449|-0.018|False|False
20250913|819295.205|0|0|1|78.195|0.003|-0.002|5.417|-0.018|False|False
20250914|819295.205|0|0|1|78.371|0.002|-0.002|5.388|-0.017|False|False
20250915|808434.245|0|0|1|76.56|0|-0.001|5.363|-0.016|False|False
20250916|819171.785|0|0|1|75.396|-0.001|-0.001|5.34|-0.014|False|False
20250917|810532.385|0|0|1|71.646|-0.002|-0|5.319|-0.013|False|False
20250918|823861.745|0|0|1|80.166|-0.001|0.001|5.303|-0.011|False|False
20250919|806829.785|0|0|1|70.98|-0.001|-0|5.289|-0.009|False|False
20250920|806829.785|0|0|1|73.669|-0.001|0|5.28|-0.007|False|False
20250921|806829.785|0|0|1|68.666|-0.002|-0.001|5.272|-0.006|False|False
20250922|785601.545|0|0|1|52.657|-0.004|-0.001|5.267|-0.004|False|False
20250923|782639.465|0|0|1|51.871|-0.005|-0.001|5.267|-0.002|False|False
20250924|795104.885|0|0|1|47.349|-0.004|0|5.272|-0|False|False
20250925|766471.445|0|0|1|27.806|-0.005|-0.001|5.28|0.002|False|False
20250926|764496.725|0|0|1|28.149|-0.006|-0.001|5.294|0.005|False|False
20250927|764496.725|0|0|1|28.382|-0.008|-0.001|5.311|0.007|False|False
20250928|764496.725|0|0|1|39.983|-0.007|0|5.331|0.01|False|False
20250929|801892.985|0|0|1|47.198|-0.007|0.001|5.355|0.012|False|False
20250930|802263.245|0|0|1|42.074|-0.006|0.001|5.383|0.013|False|False
20251001|823738.325|0|0|1|55.001|-0.005|0.002|5.415|0.016|False|False
20251002|848792.585|0|0|1|57.65|-0.003|0.001|5.451|0.018|False|False
20251003|861628.265|0|0|1|64.114|-0.001|0.002|5.492|0.02|False|False
20251004|861628.265|0|0|1|64.307|0.001|0.002|5.537|0.023|False|False
20251005|861628.265|0|0|1|67.028|0.003|0.002|5.589|0.025|False|False
20251006|879894.425|0|0|1|76.346|0.006|0.003|5.647|0.028|False|False
20251007|853235.705|0|0|1|68.614|0.008|0.002|5.711|0.031|False|False
20251008|864713.765|0|0|1|69.328|0.009|0.002|5.78|0.034|False|False
20251009|848422.325|0|0|1|77.151|0.011|0.002|5.855|0.037|False|False
20251010|817073.645|0|0|1|55.623|0.01|-0.001|5.932|0.039|False|False
20251011|817073.645|0|0|1|51.68|0.009|-0.001|6.01|0.04|False|False
20251012|817073.645|0|0|1|54.3|0.008|-0.001|6.092|0.04|False|False
20251013|812260.265|0|0|1|51.309|0.007|-0.001|6.175|0.041|False|False
20251014|788810.465|0|0|1|48.663|0.006|-0.001|6.261|0.042|False|False
20251015|779677.385|0|0|1|38.012|0.005|-0.002|6.347|0.042|False|False
20251016|758202.305|0|0|1|31.278|0.002|-0.002|6.433|0.042|False|False
20251017|746353.985|0|0|1|26.423|-0|-0.002|6.52|0.041|False|False
20251018|746353.985|0|0|1|27.657|-0.002|-0.002|6.608|0.041|False|False
20251019|746353.985|0|0|1|28.456|-0.004|-0.001|6.697|0.041|False|False
20251020|776715.305|0|0|1|29.846|-0.004|-0.001|6.787|0.041|False|False
20251021|783626.825|0|0|1|30.892|-0.006|-0.001|6.877|0.041|False|False
20251022|755487.065|0|0|1|26.144|-0.006|-0|6.967|0.04|False|False
20251023|772148.765|0|0|1|32.668|-0.006|0|7.055|0.04|False|False
20251024|775481.105|0|0|1|45.813|-0.006|0|7.142|0.039|False|False
20251025|775481.105|0|0|1|51.72|-0.004|0.001|7.23|0.038|False|False
20251026|775481.105|0|0|1|48.465|-0.003|0.002|7.319|0.037|False|False
20251027|805719.005|0|0|1|47.492|-0.001|0.002|7.409|0.037|False|False
20251028|795968.825|0|0|1|49.63|-0|0.001|7.502|0.038|False|False
20251029|774493.745|0|0|1|48.385|-0.001|-0.001|7.594|0.038|False|False
20251030|745490.045|0|0|1|50.275|-0.002|-0.001|7.686|0.037|False|False
20251031|768939.845|0|0|1|57.276|-0.004|-0.002|7.777|0.037|False|False
20251101|768939.845|0|0|1|56.823|-0.006|-0.002|7.867|0.036|False|False
20251102|768939.845|0|0|1|54.906|-0.009|-0.003|7.955|0.035|False|False
20251103|747094.505|0|0|1|40.929|-0.012|-0.004|8.04|0.034|False|False
20251104|705748.805|0|0|1|36.294|-0.017|-0.005|8.121|0.032|False|False
20251105|727223.885|0|0|1|42.873|-0.022|-0.005|8.194|0.03|False|False
20251106|706736.165|0|0|1|33.668|-0.027|-0.004|8.263|0.028|False|False
20251107|726730.205|0|0|1|36.295|-0.031|-0.005|8.326|0.025|False|False
20251108|726730.205|0|0|1|33.542|-0.036|-0.005|8.382|0.023|False|False
20251109|726730.205|0|0|1|32.61|-0.038|-0.002|8.434|0.021|False|False
20251110|742898.225|0|0|1|35.978|-0.038|-0.001|8.485|0.019|False|False
20251111|720188.945|0|0|1|33.834|-0.041|-0.003|8.531|0.018|False|False
20251112|710809.025|0|0|1|35.647|-0.044|-0.003|8.572|0.016|False|False
20251113|686125.025|0|0|1|35.385|-0.047|-0.003|8.608|0.015|False|False
20251114|660021.695|0|0|1|27.375|-0.05|-0.003|8.641|0.013|False|False
20251115|660021.695|0|0|1|28.744|-0.052|-0.002|8.672|0.012|False|False
20251116|660021.695|0|0|1|26.441|-0.053|-0.002|8.699|0.011|False|False
20251117|643051.445|0|0|1|28.054|-0.056|-0.002|8.721|0.009|False|False
20251118|649962.965|0|0|1|35.012|-0.058|-0.002|8.739|0.008|False|False
20251119|626142.905|0|0|1|27.819|-0.062|-0.003|8.75|0.006|False|False
20251120|604297.565|0|0|1|25.756|-0.066|-0.004|8.755|0.004|False|False
20251121|592078.985|0|0|1|19.247|-0.069|-0.004|8.753|0.002|False|False
20251122|592078.985|0|0|1|19.676|-0.074|-0.005|8.744|-0.001|False|False
20251123|592078.985|0|0|1|18.892|-0.079|-0.005|8.724|-0.004|False|False
20251124|624168.185|0|0|1|19.42|-0.083|-0.005|8.695|-0.007|False|False
20251125|611702.765|0|0|1|20.914|-0.089|-0.006|8.654|-0.01|False|False
20251126|629845.505|0|0|1|30.621|-0.094|-0.005|8.604|-0.014|False|False
20251127|629845.505|0|0|1|34.736|-0.099|-0.005|8.543|-0.017|False|False
20251128|651690.845|||0|42.312|-0.103|-0.004|8.473|-0.021|False|False
20251129|651690.845|||0|39.095|-0.107|-0.004|8.393|-0.025|False|False
20251130|651690.845|||0|40.829|-0.11|-0.004|8.304|-0.028|False|False
20251201|651690.845|||0|37.237|-0.115|-0.005|8.206|-0.031|False|False
20251202|651690.845|||0|47.016|-0.119|-0.004|8.095|-0.035|False|False
20251203|651690.845|||0|53.751|-0.122|-0.003|7.975|-0.04|False|False
20251204|651690.845|||0|61.462|-0.123|-0.001|7.844|-0.044|False|False
20251205|651690.845|||0|58.51|-0.126|-0.003|7.702|-0.049|False|False
20251206|651690.845|||0|59.278|-0.128|-0.002|7.549|-0.053|False|False
20251207|651690.845|||0|57.534|-0.13|-0.003|7.387|-0.058|False|False
20251208|651690.845|||0|55.227|-0.133|-0.002|7.215|-0.063|False|False
20251209|651690.845|||0|61.245|-0.135|-0.003|7.035|-0.068|False|False
20251210|651690.845|||0|53.53|-0.138|-0.003|6.844|-0.073|False|False
20251211|651690.845|||0|52.918|-0.14|-0.002|6.645|-0.079|False|False
20251212|651690.845|||0|48.582|-0.142|-0.002|6.438|-0.085|False|False
20251213|651690.845|||0|48.789|-0.143|-0.001|6.224|-0.091|False|False
20251214|651690.845|||0|45.473|-0.143|-0|6.002|-0.097|False|False
20251215|651690.845|||0|50.221|-0.144|-0.001|5.773|-0.103|False|False
20251216|651690.845|||0|40.568|-0.144|-0|5.537|-0.11|False|False
20251217|651690.845|||0|29.612|-0.144|0|5.295|-0.118|False|False
20251218|651690.845|||0|30.811|-0.144|-0|5.047|-0.126|False|False
20251219|651690.845|||0|46.286|-0.143|0.001|4.797|-0.134|False|False
20251220|651690.845|||0|47.335|-0.14|0.003|4.546|-0.141|False|False
20251221|651690.845|||0|44.614|-0.137|0.003|4.295|-0.149|False|False
20251222|651690.845|||0|43.467|-0.134|0.004|4.043|-0.157|False|False
20251223|651690.845|||0|32.955|-0.131|0.003|3.79|-0.166|False|False
20251224|651690.845|||0|35.312|-0.129|0.002|3.535|-0.177|False|False
20251225|651690.845|||0|32.289|-0.126|0.002|3.28|-0.189|False|False
20251226|651690.845|||0|38.331|-0.125|0.001|3.024|-0.202|False|False
20251227|651690.845|||0|40.539|-0.124|0.001|2.768|-0.217|False|False
20251228|651690.845|||0|48.472|-0.122|0.001|2.51|-0.235|False|False
20251229|651690.845|||0|53.575|-0.121|0.001|2.251|-0.256|False|False
20251230|651690.845|||0|52.956|-0.119|0.002|1.992|-0.28|False|False
20251231|651690.845|||0|57.471|-0.117|0.003|1.732|-0.31|False|False
20260101|651690.845|||0|66.892|-0.115|0.001|1.474|-0.345|False|False
20260102|651690.845|||0|61.16|-0.115|0.001|1.217|-0.389|False|False
20260103|651690.845|||0|63.033|-0.113|0.001|0.962|-0.445|False|False
20260104|651690.845|||0|65.173|-0.111|0.002|0.711|-0.5|False|False
20260105|651690.845|||0|73.371|-0.108|0.003|0.465|-0.5|False|False
20260106|651690.845|||0|79.747|-0.105|0.003|0.22|-0.5|False|False
20260107|651690.845|||0|64.396|-0.103|0.002|-0.021|-0.5|False|False
20260108|651690.845|||0|64.882|-0.102|0.002|-0.259|-0.5|False|False
20260109|651690.845|||0|62.176|-0.1|0.002|-0.494|-0.5|False|False
20260110|651690.845|||0|60.084|-0.097|0.002|-0.726|-0.5|False|False
20260111|651690.845|||0|61.314|-0.094|0.003|-0.953|-0.5|False|False
20260112|651690.845|||0|65.73|-0.091|0.003|-1.176|-0.5|False|False
20260113|651690.845|||0|71.912|-0.086|0.005|-1.39|-0.5|False|False
20260114|651690.845|||0|78.699|-0.08|0.006|-1.595|-0.5|False|False
20260115|651690.845|||0|70.58|-0.075|0.005|-1.791|-0.5|False|False
20260116|651690.845|||0|68.141|-0.069|0.006|-1.977|-0.422|False|False
20260117|651690.845|||0|64.843|-0.063|0.006|-2.151|-0.349|False|False
20260118|651690.845|||0|57.027|-0.059|0.004|-2.317|-0.294|False|False
20260119|651690.845|||0|45.39|-0.056|0.003|-2.477|-0.253|False|False
20260120|651690.845|||0|35.359|-0.053|0.003|-2.63|-0.223|False|False
20260121|651690.845|||0|44.37|-0.051|0.003|-2.777|-0.199|False|False
20260122|651690.845|||0|45.385|-0.047|0.003|-2.918|-0.178|False|False
20260123|651690.845|||0|46.938|-0.045|0.003|-3.053|-0.161|False|False
20260124|651690.845|||0|46.191|-0.042|0.003|-3.184|-0.146|False|False
20260125|651690.845|||0|38.71|-0.04|0.002|-3.312|-0.135|False|False
20260126|651690.845|||0|42.749|-0.038|0.002|-3.436|-0.125|False|False
20260127|651690.845|||0|31.579|-0.036|0.002|-3.555|-0.116|False|False
20260128|651690.845|||0|24.782|-0.033|0.003|-3.67|-0.108|False|False
20260129|651690.845|||0|20.458|-0.032|0.001|-3.783|-0.101|False|False
20260130|651690.845|||0|20.021|-0.031|0.001|-3.893|-0.095|False|False
20260131|651690.845|||0|15.797|-0.031|-0|-4.004|-0.091|False|False
20260201|651690.845|||0|15.679|-0.032|-0.001|-4.115|-0.088|False|False
20260202|651690.845|||0|22.164|-0.033|-0.001|-4.225|-0.085|False|False
20260203|651690.845|||0|23.273|-0.035|-0.002|-4.334|-0.082|False|False
20260204|651690.845|||0|17.628|-0.038|-0.003|-4.444|-0.08|False|False
20260205|651690.845|||0|12.306|-0.044|-0.006|-4.559|-0.079|False|False
20260206|651690.845|||0|28.124|-0.047|-0.003|-4.676|-0.079|False|False
20260207|651690.845|||0|27.564|-0.051|-0.004|-4.797|-0.079|False|False
20260208|651690.845|||0|30.875|-0.054|-0.003|-4.923|-0.08|False|False
20260209|651690.845|||0|27.914|-0.058|-0.003|-5.052|-0.08|False|False
20260210|651690.845|||0|25.575|-0.062|-0.004|-5.185|-0.081|False|False
20260211|651690.845|||0|24.37|-0.067|-0.005|-5.323|-0.081|False|False
20260212|651690.845|||0|26.75|-0.074|-0.007|-5.468|-0.082|False|False
20260213|651690.845|||0|31.665|-0.081|-0.007|-5.621|-0.084|False|False
20260214|651690.845|||0|38.051|-0.087|-0.006|-5.78|-0.086|False|False
20260215|651690.845|||0|38.749|-0.094|-0.007|-5.947|-0.088|False|False
20260216|651690.845|||0|35.821|-0.1|-0.007|-6.123|-0.089|False|False
20260217|651690.845|||0|37.673|-0.106|-0.006|-6.306|-0.091|False|False
20260218|651690.845|||0|39.522|-0.112|-0.006|-6.497|-0.092|False|False
20260219|651690.845|||0|59.813|-0.117|-0.005|-6.692|-0.093|False|False
20260220|651690.845|||0|41.43|-0.122|-0.005|-6.892|-0.093|False|False
20260221|651690.845|||0|45.303|-0.127|-0.005|-7.097|-0.092|False|False
20260222|651690.845|||0|39.954|-0.133|-0.006|-7.308|-0.092|False|False
20260223|651690.845|||0|32.654|-0.139|-0.006|-7.525|-0.092|False|False
20260224|651690.845|||0|34.366|-0.145|-0.006|-7.748|-0.092|False|False
20260225|651690.845|||0|52.822|-0.15|-0.006|-7.977|-0.092|False|False
20260226|651690.845|||0|53.647|-0.156|-0.006|-8.213|-0.091|False|False
20260227|651690.845|||0|40.598|-0.163|-0.007|-8.455|-0.091|False|False
20260228|651690.845|||0|41.355|-0.168|-0.005|-8.701|-0.091|False|False
20260301|651690.845|||0|40.649|-0.174|-0.005|-8.952|-0.09|False|False
20260302|651690.845|||0|49.826|-0.176|-0.002|-9.206|-0.089|False|False
20260303|651690.845|||0|52.169|-0.178|-0.002|-9.461|-0.087|False|False
20260304|651690.845|||0|64.434|-0.178|-0.001|-9.717|-0.085|False|False
20260305|651690.845|||0|58.402|-0.179|-0|-9.973|-0.083|False|False
20260306|651690.845|||0|50.265|-0.178|0|-10.229|-0.081|False|False
20260307|651690.845|||0|48.574|-0.174|0.004|-10.478|-0.078|False|False
20260308|651690.845|||0|46.823|-0.174|0.001|-10.725|-0.075|False|False
20260309|651690.845|||0|57.286|-0.172|0.002|-10.969|-0.072|False|False
20260310|651690.845|||0|60.842|-0.17|0.002|-11.208|-0.07|False|False
20260311|651690.845|||0|54.804|-0.168|0.002|-11.444|-0.067|False|False
20260312|651690.845|||0|56.567|-0.165|0.003|-11.675|-0.064|False|False
20260313|651690.845|||0|61.535|-0.161|0.004|-11.9|-0.062|False|False
20260314|651690.845|||0|59.959|-0.157|0.004|-12.119|-0.059|False|False
20260315|651690.845|||0|66.401|-0.154|0.003|-12.333|-0.056|False|False
20260316|651690.845|||0|64.819|-0.15|0.004|-12.541|-0.054|False|False
20260317|651690.845|||0|63.41|-0.146|0.004|-12.744|-0.052|False|False
20260318|651690.845|||0|46.194|-0.143|0.003|-12.941|-0.049|False|False
20260319|651690.845|||0|47.519|-0.14|0.003|-13.132|-0.047|False|False
20260320|651690.845|||0|57.18|-0.136|0.004|-13.317|-0.045|False|False
20260321|651690.845|||0|54.096|-0.132|0.003|-13.497|-0.043|False|False
20260322|651690.845|||0|55.475|-0.13|0.002|-13.672|-0.041|False|False
20260323|651690.845|||0|57.072|-0.127|0.003|-13.841|-0.039|False|False
20260324|651690.845|||0|51.776|-0.123|0.003|-14.004|-0.038|False|False
20260325|651690.845|||0|53.222|-0.119|0.005|-14.16|-0.036|False|False
20260326|651690.845|||0|45.609|-0.115|0.004|-14.31|-0.034|False|False
20260327|651690.845|||0|39.161|-0.113|0.002|-14.455|-0.032|False|False
20260328|651690.845|||0|38.418|-0.112|0.002|-14.597|-0.031|False|False
20260329|651690.845|||0|32.844|-0.109|0.003|-14.735|-0.03|False|False
20260330|651690.845|||0|28.022|-0.107|0.002|-14.869|-0.029|False|False
20260331|651690.845|||0|35.176|-0.103|0.003|-14.999|-0.028|False|False
20260401|651690.845|||0|40.499|-0.101|0.002|-15.125|-0.027|False|False
20260402|651690.845|||0|40.849|-0.099|0.002|-15.249|-0.026|False|False
20260403|651690.845|||0|38.746|-0.1|-0|-15.371|-0.025|False|False
20260404|651690.845|||0|45.102|-0.099|0.001|-15.489|-0.024|False|False
20260405|651690.845|||0|53.707|-0.096|0.003|-15.603|-0.023|False|False
20260406|651690.845|||0|41.702|-0.093|0.003|-15.712|-0.022|False|False
20260407|651690.845|||0|54.722|-0.089|0.004|-15.814|-0.021|False|False
20260408|651690.845|||0|49.382|-0.086|0.003|-15.91|-0.02|False|False
20260409|651690.845|||0|61.258|-0.083|0.003|-16.001|-0.018|False|False
20260410|651690.845|||0|77.725|-0.08|0.003|-16.086|-0.017|False|False
20260411|651690.845|||0|77.985|-0.077|0.003|-16.166|-0.016|False|False
20260412|651690.845|||0|67.176|-0.075|0.002|-16.242|-0.015|False|False
20260413|651690.845|||0|72.971|-0.071|0.003|-16.314|-0.014|False|False
20260414|651690.845|||0|68.914|-0.068|0.003|-16.381|-0.013|False|False
20260415|651690.845|||0|70.77|-0.066|0.002|-16.446|-0.013|False|False
20260416|651690.845|||0|76.917|-0.063|0.003|-16.508|-0.012|False|False
20260417|651690.845|||0|79.498|-0.059|0.004|-16.566|-0.011|False|False
20260418|651690.845|||0|73.019|-0.054|0.005|-16.619|-0.011|False|False
20260419|651690.845|||0|63.173|-0.051|0.004|-16.667|-0.01|False|False
20260420|651690.845|||0|67.191|-0.046|0.005|-16.709|-0.009|False|False
20260421|651690.845|||0|62.397|-0.04|0.006|-16.745|-0.008|False|False
20260422|651690.845|||0|68.801|-0.035|0.005|-16.775|-0.006|False|False
20260423|651690.845|||0|67.811|-0.029|0.006|-16.799|-0.005|False|False
20260424|651690.845|||0|62.537|-0.024|0.005|-16.816|-0.004|False|False
20260425|651690.845|||0|62.707|-0.017|0.006|-16.826|-0.003|False|False
20260426|651690.845|||0|73.696|-0.009|0.008|-16.828|-0.002|False|False
20260427|651690.845|||0|60.121|-0.002|0.007|-16.824|-0|False|False
20260428|651690.845|||0|57.254|0.005|0.007|-16.812|0.001|False|False
20260429|651690.845|||0|53.258|0.012|0.006|-16.796|0.002|False|False
20260430|651690.845|||0|53.819|0.017|0.005|-16.776|0.003|False|False
