20240724|290764.38|0|0|1|62.68|0.059|0.003|63.461|-0.008|False|False
20240725|270240.78|0|0|1|53.42|0.061|0.002|63.298|-0.008|False|False
20240726|283581.12|0|0|1|56.16|0.063|0.002|63.14|-0.008|False|False
20240727|283581.12|0|0|1|53.098|0.067|0.004|62.988|-0.007|False|False
20240728|283581.12|0|0|1|51.253|0.069|0.002|62.839|-0.007|False|False
20240729|286431.62|0|0|1|40.577|0.072|0.002|62.69|-0.007|False|False
20240730|283011.02|0|0|1|40.766|0.073|0.001|62.541|-0.007|False|False
20240731|282668.96|0|0|1|41.106|0.073|0|62.396|-0.007|False|False
20240801|270810.88|0|0|1|37.196|0.073|-0|62.251|-0.007|False|False
20240802|260435.06|0|0|1|24.361|0.069|-0.004|62.101|-0.007|False|False
20240803|260435.06|0|0|1|21.554|0.062|-0.006|61.946|-0.007|False|False
20240804|260435.06|0|0|1|16.848|0.049|-0.013|61.778|-0.008|False|False
20240805|208099.88|0|0|1|14.845|0.032|-0.017|61.591|-0.008|False|False
20240806|215739.22|0|0|1|14.841|0.017|-0.015|61.386|-0.009|False|False
20240807|203425.06|0|0|1|15.085|-0|-0.018|61.156|-0.01|False|False
20240808|222922.48|0|0|1|34.811|-0.014|-0.014|60.907|-0.011|False|False
20240809|224290.72|0|0|1|28.848|-0.029|-0.015|60.639|-0.012|False|False
20240810|224290.72|0|0|1|29.834|-0.044|-0.015|60.35|-0.013|False|False
20240811|224290.72|0|0|1|27.747|-0.059|-0.014|60.043|-0.014|False|False
20240812|230219.76|0|0|1|32.83|-0.071|-0.013|59.717|-0.015|False|False
20240813|234666.54|0|0|1|33.234|-0.082|-0.011|59.378|-0.016|False|False
20240814|230903.88|0|0|1|33.363|-0.09|-0.009|59.027|-0.017|False|False
20240815|220642.08|0|0|1|32.174|-0.102|-0.012|58.662|-0.018|False|False
20240816|226799.16|0|0|1|37.559|-0.113|-0.011|58.283|-0.018|False|False
20240817|226799.16|0|0|1|40.483|-0.124|-0.011|57.89|-0.019|False|False
20240818|226799.16|0|0|1|47.194|-0.135|-0.012|57.485|-0.02|False|False
20240819|225658.96|0|0|1|60.417|-0.146|-0.011|57.072|-0.021|False|False
20240820|224974.84|0|0|1|55.3|-0.157|-0.011|56.649|-0.021|False|False
20240821|228965.54|0|0|1|64.518|-0.166|-0.009|56.219|-0.022|False|False
20240822|225316.9|0|0|1|45.539|-0.172|-0.006|55.786|-0.023|False|False
20240823|237859.1|0|0|1|61.218|-0.174|-0.002|55.351|-0.023|False|False
20240824|237859.1|0|0|1|60.927|-0.173|0.001|54.919|-0.023|False|False
20240825|237859.1|0|0|1|64.14|-0.168|0.005|54.494|-0.023|False|False
20240826|231816.04|0|0|1|46.344|-0.165|0.003|54.076|-0.023|False|False
20240827|223492.58|0|0|1|34.521|-0.163|0.002|53.667|-0.023|False|False
20240828|216651.38|0|0|1|41.8|-0.165|-0.002|53.266|-0.023|False|False
20240829|218475.7|0|0|1|47.163|-0.167|-0.001|52.871|-0.022|False|False
20240830|216765.4|0|0|1|45.24|-0.168|-0.001|52.483|-0.022|False|False
20240831|216765.4|0|0|1|42.761|-0.169|-0.001|52.099|-0.022|False|False
20240901|216765.4|0|0|1|38.157|-0.173|-0.005|51.718|-0.022|False|False
20240902|216765.4|0|0|1|44.299|-0.176|-0.003|51.343|-0.022|False|False
20240903|211406.46|0|0|1|41.736|-0.18|-0.004|50.969|-0.022|False|False
20240904|212090.58|0|0|1|39.783|-0.182|-0.002|50.595|-0.022|False|False
20240905|204337.22|0|0|1|36.784|-0.186|-0.004|50.221|-0.022|False|False
20240906|191909.04|0|0|1|22.075|-0.192|-0.006|49.843|-0.022|False|False
20240907|191909.04|0|0|1|25.558|-0.197|-0.005|49.459|-0.022|False|False
20240908|191909.04|0|0|1|27.766|-0.203|-0.005|49.066|-0.023|False|False
20240909|203425.06|0|0|1|34.009|-0.206|-0.004|48.661|-0.024|False|False
20240910|205933.5|0|0|1|45.773|-0.21|-0.004|48.244|-0.025|False|False
20240911|202398.88|0|0|1|38.185|-0.215|-0.004|47.81|-0.026|False|False
20240912|204223.2|0|0|1|39.812|-0.221|-0.006|47.358|-0.027|False|False
20240913|209696.16|0|0|1|45.303|-0.227|-0.005|46.89|-0.028|False|False
20240914|209696.16|0|0|1|44.774|-0.232|-0.005|46.406|-0.029|False|False
20240915|209696.16|0|0|1|44.18|-0.238|-0.006|45.905|-0.031|False|False
20240916|196469.84|0|0|1|35.448|-0.24|-0.003|45.389|-0.032|False|False
20240917|203425.06|0|0|1|44.833|-0.243|-0.003|44.855|-0.033|False|False
20240918|200004.46|0|0|1|44.807|-0.246|-0.003|44.305|-0.035|False|False
20240919|212888.72|0|0|1|56.244|-0.247|-0.001|43.74|-0.036|False|False
20240920|219957.96|0|0|1|73.117|-0.246|0.001|43.164|-0.038|False|False
20240921|219957.96|0|0|1|73.284|-0.243|0.003|42.576|-0.039|False|False
20240922|219957.96|0|0|1|69.2|-0.243|0.001|41.971|-0.04|False|False
20240923|231245.94|0|0|1|69.385|-0.239|0.003|41.355|-0.042|False|False
20240924|229193.58|0|0|1|68.314|-0.236|0.003|40.725|-0.043|False|False
20240925|222238.36|0|0|1|66.01|-0.233|0.003|40.079|-0.045|False|False
20240926|229307.6|0|0|1|67.357|-0.226|0.007|39.424|-0.047|False|False
20240927|233640.36|0|0|1|66.667|-0.219|0.007|38.757|-0.048|False|False
20240928|233640.36|0|0|1|67.076|-0.213|0.006|38.08|-0.05|False|False
20240929|233640.36|0|0|1|74.934|-0.208|0.005|37.392|-0.052|False|False
20240930|224290.72|0|0|1|71.694|-0.204|0.004|36.689|-0.053|False|False
20241001|215055.1|0|0|1|56.561|-0.202|0.002|35.975|-0.055|False|False
20241002|205021.34|0|0|1|49.742|-0.201|0.001|35.245|-0.057|False|False
20241003|203311.04|0|0|1|42.753|-0.202|-0.001|34.495|-0.06|False|False
20241004|210152.24|0|0|1|40.4|-0.202|0.001|33.726|-0.063|False|False
20241005|210152.24|0|0|1|35.858|-0.199|0.002|32.941|-0.065|False|False
20241006|210152.24|0|0|1|39.782|-0.197|0.003|32.144|-0.068|False|False
20241007|211406.46|0|0|1|32.604|-0.194|0.002|31.332|-0.071|False|False
20241008|210836.36|0|0|1|33.846|-0.193|0.002|30.505|-0.074|False|False
20241009|208898.02|0|0|1|34.02|-0.193|-0.001|29.661|-0.077|False|False
20241010|204223.2|0|0|1|30.079|-0.195|-0.002|28.799|-0.081|False|False
20241011|212774.7|0|0|1|28.818|-0.197|-0.002|27.926|-0.085|False|False
20241012|212774.7|0|0|1|34.145|-0.197|-0.001|27.048|-0.088|False|False
20241013|212774.7|0|0|1|34.656|-0.199|-0.002|26.163|-0.092|False|False
20241014|226685.14|0|0|1|51.771|-0.198|0.001|25.279|-0.095|False|False
20241015|224176.7|0|0|1|63.13|-0.197|0.002|24.407|-0.098|False|False
20241016|226115.04|0|0|1|73.658|-0.196|0.001|23.536|-0.1|False|False
20241017|224404.74|0|0|1|74.899|-0.196|-0|22.67|-0.103|False|False
20241018|229421.62|0|0|1|73.459|-0.195|0.001|21.812|-0.106|False|False
20241019|229421.62|0|0|1|73.799|-0.194|0.001|20.963|-0.109|False|False
20241020|229421.62|0|0|1|77.214|-0.19|0.004|20.127|-0.112|False|False
20241021|231588|0|0|1|69.499|-0.185|0.005|19.301|-0.115|False|False
20241022|227027.2|0|0|1|63.812|-0.18|0.006|18.492|-0.118|False|False
20241023|216993.44|0|0|1|60.168|-0.175|0.004|17.701|-0.121|False|False
20241024|219501.88|0|0|1|60.725|-0.171|0.004|16.926|-0.123|False|False
20241025|213572.84|0|0|1|49.961|-0.169|0.002|16.168|-0.126|False|False
20241026|213572.84|0|0|1|50.205|-0.167|0.002|15.426|-0.129|False|False
20241027|213572.84|0|0|1|52.487|-0.165|0.003|14.702|-0.131|False|False
20241028|216651.38|0|0|1|45.24|-0.161|0.003|13.997|-0.134|False|False
20241029|227027.2|0|0|1|52.226|-0.156|0.006|13.318|-0.137|False|False
20241030|229535.64|0|0|1|53.162|-0.151|0.005|12.661|-0.139|False|False
20241031|216879.42|0|0|1|44.894|-0.148|0.003|12.021|-0.141|False|False
20241101|217107.46|0|0|1|42.217|-0.146|0.002|11.391|-0.145|False|False
20241102|217107.46|0|0|1|40.694|-0.145|0.001|10.774|-0.149|False|False
20241103|217107.46|0|0|1|31.5|-0.147|-0.002|10.162|-0.155|False|False
20241104|209012.04|0|0|1|32.378|-0.149|-0.002|9.541|-0.162|False|False
20241105|209468.12|0|0|1|36.697|-0.15|-0.002|8.924|-0.172|False|False
20241106|233184.28|0|0|1|61.527|-0.147|0.003|8.315|-0.182|False|False
20241107|251313.46|0|0|1|66.734|-0.142|0.005|7.711|-0.192|False|False
20241108|254620.04|0|0|1|75.135|-0.136|0.006|7.12|-0.202|False|False
20241109|254620.04|0|0|1|77.791|-0.129|0.007|6.549|-0.212|False|False
20241110|254620.04|0|0|1|78.414|-0.12|0.009|6|-0.222|False|False
20241111|290878.4|0|0|1|80.427|-0.107|0.013|5.479|-0.231|False|False
20241112|284151.22|0|0|1|71.943|-0.094|0.013|4.982|-0.239|False|False
20241113|273775.4|0|0|1|68.841|-0.083|0.011|4.512|-0.248|False|False
20241114|267618.32|0|0|1|69.228|-0.073|0.011|4.065|-0.258|False|False
20241115|266706.16|0|0|1|70.348|-0.062|0.011|3.642|-0.269|False|False
20241116|266706.16|0|0|1|71.963|-0.051|0.011|3.243|-0.281|False|False
20241117|266706.16|0|0|1|70.85|-0.042|0.009|2.865|-0.295|False|False
20241118|273091.28|0|0|1|76.025|-0.032|0.01|2.502|-0.313|False|False
20241119|268530.48|0|0|1|71.145|-0.024|0.008|2.153|-0.336|False|False
20241120|265679.98|0|0|1|62.736|-0.014|0.01|1.822|-0.364|False|False
20241121|290080.26|0|0|1|65.685|0.001|0.015|1.512|-0.396|False|False
20241122|284721.32|0|0|1|62.765|0.015|0.014|1.224|-0.431|False|False
20241123|284721.32|0|0|1|59.874|0.031|0.016|0.96|-0.473|False|False
20241124|284721.32|0|0|1|56.554|0.046|0.016|0.724|-0.5|False|False
20241125|303306.58|0|0|1|51.64|0.063|0.016|0.514|-0.5|False|False
20241126|286773.68|0|0|1|53.522|0.072|0.01|0.327|-0.5|False|False
20241127|314708.58|0|0|1|66.4|0.084|0.012|0.166|-0.5|False|False
20241128|314708.58|0|0|1|69.144|0.094|0.009|0.022|-0.5|False|False
20241129|310033.76|0|0|1|68.438|0.1|0.007|-0.114|-0.5|False|False
20241130|310033.76|0|0|1|70.271|0.108|0.008|-0.238|-0.5|False|False
20241201|310033.76|0|0|1|73.368|0.113|0.005|-0.355|-0.5|False|False
20241202|312770.24|0|0|1|66.853|0.118|0.006|-0.462|-0.5|False|False
20241203|312086.12|0|0|1|70.847|0.125|0.006|-0.561|-0.5|False|False
20241204|336828.46|0|0|1|77.41|0.137|0.012|-0.642|-0.5|False|False
20241205|330785.4|0|0|1|69.658|0.148|0.011|-0.71|-0.5|False|False
20241206|350852.92|0|0|1|75.737|0.161|0.013|-0.757|-0.349|False|False
20241207|350852.92|0|0|1|74.292|0.175|0.014|-0.782|-0.218|False|False
20241208|350852.92|0|0|1|76.34|0.186|0.012|-0.789|-0.111|False|False
20241209|323260.08|0|0|1|60.48|0.196|0.009|-0.778|-0.028|False|False
20241210|315392.7|0|0|1|60.487|0.204|0.009|-0.751|0.041|False|False
20241211|332039.62|0|0|1|56.621|0.211|0.006|-0.712|0.097|False|False
20241212|336030.32|0|0|1|61.676|0.218|0.007|-0.66|0.151|False|False
20241213|338880.82|0|0|1|62.096|0.225|0.007|-0.595|0.207|False|False
20241214|338880.82|0|0|1|56.54|0.232|0.007|-0.518|0.273|False|False
20241215|338880.82|0|0|1|59.107|0.239|0.007|-0.428|0.352|False|False
20241216|349940.76|0|0|1|63.301|0.249|0.009|-0.336|0.435|False|False
20241217|333635.9|||0|59.726|0.251|0.002|-0.254|0.5|False|False
20241218|333635.9|||0|42.137|0.25|-0|-0.182|0.5|False|False
20241219|333635.9|||0|37.605|0.247|-0.004|-0.122|0.5|False|False
20241220|333635.9|||0|31.554|0.242|-0.005|-0.074|0.5|False|False
20241221|333635.9|||0|28.909|0.235|-0.007|-0.04|0.5|False|False
20241222|333635.9|||0|27.722|0.228|-0.007|-0.022|0.5|False|False
20241223|333635.9|||0|39.805|0.224|-0.004|-0.02|0.5|False|False
20241224|333635.9|||0|45.261|0.218|-0.007|-0.036|0.089|False|False
20241225|333635.9|||0|36.684|0.211|-0.006|-0.068|-0.5|False|False
20241226|333635.9|||0|30.104|0.2|-0.012|-0.122|-0.5|False|False
20241227|333635.9|||0|28.609|0.188|-0.012|-0.198|-0.5|False|False
20241228|333635.9|||0|33.042|0.178|-0.01|-0.297|-0.5|False|False
20241229|333635.9|||0|27.723|0.171|-0.006|-0.413|-0.5|False|False
20241230|333635.9|||0|26.158|0.166|-0.005|-0.545|-0.5|False|False
20241231|333635.9|||0|27.77|0.159|-0.008|-0.694|-0.5|False|False
20250101|333635.9|||0|36.73|0.151|-0.008|-0.864|-0.5|False|False
20250102|328125.78|0|0|1|51.866|0.144|-0.007|-1.049|-0.5|False|False
20250103|342276.77|0|0|1|56.652|0.14|-0.004|-1.244|-0.5|False|False
20250104|342276.77|0|0|1|67.551|0.135|-0.005|-1.451|-0.5|False|False
20250105|342276.77|0|0|1|70.331|0.13|-0.006|-1.66|-0.5|False|False
20250106|349915.8|0|0|1|67.199|0.127|-0.003|-1.866|-0.499|False|False
20250107|321238.13|0|0|1|44.605|0.123|-0.003|-2.067|-0.424|False|False
20250108|311094.5|0|0|1|42.259|0.123|-0.001|-2.261|-0.362|False|False
20250109|311094.5|0|0|1|44.535|0.12|-0.003|-2.451|-0.314|False|False
20250110|309216.05|0|0|1|47.126|0.119|-0|-2.633|-0.274|False|False
20250111|309216.05|0|0|1|44.298|0.12|0.001|-2.806|-0.241|False|False
20250112|309216.05|0|0|1|45.746|0.119|-0.002|-2.972|-0.213|False|False
20250113|293061.38|0|0|1|40.012|0.114|-0.005|-3.135|-0.191|False|False
20250114|305834.84|0|0|1|45.349|0.11|-0.004|-3.292|-0.173|False|False
20250115|326247.33|0|0|1|53.526|0.113|0.003|-3.441|-0.158|False|False
20250116|316729.85|0|0|1|44.964|0.113|0.001|-3.582|-0.143|False|False
20250117|334262.05|0|0|1|45.431|0.115|0.002|-3.714|-0.128|False|False
20250118|334262.05|0|0|1|38.634|0.115|-0|-3.837|-0.115|False|False
20250119|334262.05|0|0|1|36.889|0.113|-0.002|-3.954|-0.104|False|False
20250120|334262.05|0|0|1|37.451|0.113|-0|-4.061|-0.094|False|False
20250121|314350.48|0|0|1|48.035|0.113|0|-4.157|-0.083|False|False
20250122|308715.13|0|0|1|46.947|0.11|-0.003|-4.247|-0.074|False|False
20250123|307963.75|0|0|1|54.124|0.106|-0.004|-4.334|-0.067|False|False
20250124|316228.93|0|0|1|51.53|0.101|-0.005|-4.418|-0.063|False|False
20250125|316228.93|0|0|1|51.281|0.096|-0.005|-4.5|-0.06|False|False
20250126|316228.93|0|0|1|48.959|0.089|-0.007|-4.581|-0.057|False|False
20250127|297945.35|0|0|1|51.597|0.086|-0.003|-4.662|-0.055|False|False
20250128|293437.07|0|0|1|44.663|0.083|-0.003|-4.742|-0.054|False|False
20250129|297945.35|0|0|1|35.723|0.081|-0.001|-4.818|-0.052|False|False
20250130|306836.68|0|0|1|47.422|0.082|0|-4.884|-0.048|False|False
20250131|314600.94|0|0|1|41.701|0.082|0.001|-4.939|-0.041|False|False
20250201|314600.94|0|0|1|41.249|0.08|-0.002|-4.984|-0.035|False|False
20250202|314600.94|0|0|1|36.099|0.077|-0.003|-5.022|-0.028|False|False
20250203|257120.37|0|0|1|33.195|0.072|-0.005|-5.055|-0.024|False|False
20250204|259437.125|0|0|1|26.694|0.061|-0.011|-5.09|-0.021|False|False
20250205|262254.8|0|0|1|31.703|0.054|-0.008|-5.123|-0.02|False|False
20250206|258122.21|0|0|1|23.965|0.042|-0.012|-5.16|-0.021|False|False
20250207|245348.75|0|0|1|23.198|0.031|-0.01|-5.199|-0.022|False|False
20250208|245348.75|0|0|1|23.341|0.023|-0.008|-5.242|-0.023|False|False
20250209|245348.75|0|0|1|24.84|0.013|-0.01|-5.29|-0.025|False|False
20250210|254866.23|0|0|1|28.105|0.003|-0.01|-5.348|-0.029|False|False
20250211|245974.9|0|0|1|29.176|-0.006|-0.009|-5.415|-0.033|False|False
20250212|254114.85|0|0|1|34.8|-0.015|-0.009|-5.488|-0.037|False|False
20250213|251610.25|0|0|1|25.422|-0.025|-0.01|-5.57|-0.041|False|False
20250214|258998.82|0|0|1|25.403|-0.034|-0.009|-5.662|-0.046|False|False
20250215|258998.82|0|0|1|29.089|-0.043|-0.009|-5.762|-0.05|False|False
20250216|258998.82|0|0|1|37.104|-0.051|-0.008|-5.87|-0.054|False|False
20250217|258998.82|0|0|1|41.784|-0.057|-0.005|-5.982|-0.057|False|False
20250218|249230.88|0|0|1|45.813|-0.063|-0.007|-6.102|-0.059|False|False
20250219|258122.21|0|0|1|45.374|-0.072|-0.008|-6.233|-0.062|False|False
20250220|261127.73|0|0|1|53.694|-0.081|-0.009|-6.375|-0.066|False|False
20250221|248855.19|0|0|1|52.607|-0.088|-0.007|-6.526|-0.07|False|False
20250222|248855.19|0|0|1|58.107|-0.089|-0.001|-6.682|-0.072|False|False
20250223|248855.19|0|0|1|61.118|-0.09|-0.001|-6.841|-0.073|False|False
20250224|250357.95|0|0|1|43.544|-0.093|-0.003|-7.005|-0.073|False|False
20250225|235831.27|0|0|1|45.05|-0.096|-0.004|-7.174|-0.074|False|False
20250226|221179.36|0|0|1|32.076|-0.101|-0.005|-7.348|-0.074|False|False
20250227|213540.33|0|0|1|33.101|-0.105|-0.004|-7.525|-0.074|False|False
20250228|210284.35|0|0|1|28.076|-0.11|-0.005|-7.704|-0.074|False|False
20250301|210284.35|0|0|1|28.363|-0.115|-0.005|-7.881|-0.073|False|False
20250302|210284.35|0|0|1|44.777|-0.116|-0.001|-8.046|-0.069|False|False
20250303|201518.25|0|0|1|32.098|-0.122|-0.006|-8.2|-0.064|False|False
20250304|202895.78|0|0|1|34.586|-0.13|-0.008|-8.347|-0.059|False|False
20250305|211787.11|0|0|1|35.601|-0.136|-0.006|-8.483|-0.054|False|False
20250306|208531.13|0|0|1|33.799|-0.143|-0.008|-8.612|-0.05|False|False
20250307|204273.31|0|0|1|34.154|-0.151|-0.008|-8.734|-0.046|False|False
20250308|204273.31|0|0|1|32.433|-0.158|-0.007|-8.848|-0.043|False|False
20250309|204273.31|0|0|1|26.708|-0.169|-0.011|-8.959|-0.04|False|False
20250310|176847.94|0|0|1|29.302|-0.181|-0.012|-9.069|-0.038|False|False
20250311|184737.43|0|0|1|32.238|-0.193|-0.012|-9.18|-0.037|False|False
20250312|177849.78|0|0|1|35.57|-0.206|-0.013|-9.295|-0.038|False|False
20250313|175094.72|0|0|1|35.089|-0.218|-0.012|-9.412|-0.038|False|False
20250314|183359.9|0|0|1|38.773|-0.232|-0.013|-9.53|-0.038|False|False
20250315|183359.9|0|0|1|40.498|-0.246|-0.014|-9.652|-0.038|False|False
20250316|183359.9|0|0|1|24.01|-0.256|-0.01|-9.772|-0.038|False|False
20250317|183986.05|0|0|1|37.606|-0.265|-0.009|-9.891|-0.038|False|False
20250318|180229.15|0|0|1|36.24|-0.271|-0.006|-10.005|-0.037|False|False
20250319|192626.92|0|0|1|39.945|-0.275|-0.004|-10.113|-0.035|False|False
20250320|186991.57|0|0|1|38.429|-0.279|-0.004|-10.22|-0.033|False|False
20250321|186991.57|0|0|1|40.39|-0.283|-0.004|-10.328|-0.032|False|False
20250322|186991.57|0|0|1|37.104|-0.291|-0.009|-10.446|-0.033|False|False
20250323|186991.57|0|0|1|49.269|-0.293|-0.002|-10.571|-0.034|False|False
20250324|198262.27|0|0|1|67.565|-0.294|-0.001|-10.7|-0.036|False|False
20250325|196884.74|0|0|1|63.048|-0.297|-0.002|-10.834|-0.037|False|False
20250326|189496.17|0|0|1|58.153|-0.299|-0.003|-10.968|-0.038|False|False
20250327|189997.09|0|0|1|62.113|-0.301|-0.002|-11.102|-0.038|False|False
20250328|177348.86|0|0|1|48.902|-0.306|-0.005|-11.24|-0.037|False|False
20250329|177348.86|0|0|1|41.858|-0.308|-0.002|-11.379|-0.038|False|False
20250330|177348.86|0|0|1|43.725|-0.308|-0|-11.514|-0.037|False|False
20250331|173091.04|0|0|1|41.715|-0.309|-0.001|-11.648|-0.036|False|False
20250401|181230.99|0|0|1|48.071|-0.308|0.001|-11.776|-0.035|False|False
20250402|181230.99|0|0|1|30.879|-0.309|-0|-11.902|-0.034|False|False
20250403|169208.91|0|0|1|36.808|-0.31|-0.001|-12.026|-0.033|False|False
20250404|171588.28|0|0|1|37.824|-0.311|-0.001|-12.145|-0.031|False|False
20250405|171588.28|0|0|1|35.689|-0.311|-0|-12.259|-0.03|False|False
20250406|171588.28|0|0|1|23.614|-0.316|-0.005|-12.372|-0.029|False|False
20250407|145665.67|0|0|1|15.707|-0.322|-0.005|-12.487|-0.028|False|False
20250408|138652.79|0|0|1|14.333|-0.331|-0.009|-12.608|-0.028|False|False
20250409|155558.84|0|0|1|32.439|-0.336|-0.005|-12.729|-0.029|False|False
20250410|143161.07|0|0|1|28.386|-0.343|-0.007|-12.85|-0.029|False|False
20250411|148420.73|0|0|1|34.331|-0.349|-0.006|-12.973|-0.029|False|False
20250412|148420.73|0|0|1|41.298|-0.355|-0.006|-13.095|-0.029|False|False
20250413|148420.73|0|0|1|40.315|-0.362|-0.008|-13.22|-0.029|False|False
20250414|155308.38|0|0|1|40.798|-0.37|-0.007|-13.35|-0.029|False|False
20250415|152302.86|0|0|1|34.805|-0.376|-0.007|-13.483|-0.03|False|False
20250416|150424.41|0|0|1|38.483|-0.383|-0.007|-13.62|-0.03|False|False
20250417|150048.72|0|0|1|37.43|-0.388|-0.005|-13.762|-0.031|False|False
20250418|150048.72|0|0|1|37.869|-0.392|-0.004|-13.907|-0.031|False|False
20250419|150048.72|0|0|1|39.816|-0.395|-0.003|-14.058|-0.032|False|False
20250420|150048.72|0|0|1|50.725|-0.398|-0.004|-14.214|-0.033|False|False
20250421|149297.34|0|0|1|51.677|-0.403|-0.005|-14.378|-0.034|False|False
20250422|161444.65|0|0|1|67.255|-0.404|-0|-14.546|-0.035|False|False
20250423|169709.83|0|0|1|59.578|-0.403|0|-14.717|-0.035|False|False
20250424|167455.69|0|0|1|72.514|-0.404|-0|-14.894|-0.036|False|False
20250425|171212.59|0|0|1|71.047|-0.403|0|-15.079|-0.037|False|False
20250426|171212.59|0|0|1|68.567|-0.398|0.005|-15.264|-0.037|False|False
20250427|171212.59|0|0|1|71.21|-0.393|0.005|-15.449|-0.037|False|False
20250428|170461.21|0|0|1|69.902|-0.387|0.007|-15.632|-0.037|False|False
20250429|173091.04|0|0|1|75.767|-0.384|0.003|-15.813|-0.036|False|False
20250430|169334.14|0|0|1|76.73|-0.378|0.006|-15.99|-0.035|False|False
20250501|174844.26|0|0|1|78.877|-0.373|0.006|-16.161|-0.034|False|False
20250502|174468.57|0|0|1|78.738|-0.368|0.004|-16.328|-0.033|False|False
20250503|174468.57|0|0|1|75.904|-0.363|0.005|-16.492|-0.031|False|False
20250504|174468.57|0|0|1|75.933|-0.359|0.004|-16.654|-0.031|False|False
20250505|172089.2|0|0|1|77.931|-0.354|0.005|-16.814|-0.03|False|False
20250506|169083.68|0|0|1|61.255|-0.349|0.005|-16.97|-0.029|False|False
20250507|170210.75|0|0|1|53.503|-0.343|0.005|-17.12|-0.028|False|False
20250508|201142.56|0|0|1|87.012|-0.332|0.012|-17.257|-0.026|False|False
20250509|221429.82|0|0|1|89.24|-0.318|0.014|-17.378|-0.024|False|False
20250510|221429.82|0|0|1|91.615|-0.299|0.019|-17.479|-0.021|False|False
20250511|221429.82|0|0|1|87.482|-0.281|0.018|-17.562|-0.018|False|False
20250512|233326.67|0|0|1|86.149|-0.267|0.014|-17.631|-0.015|False|False
20250513|255617.61|0|0|1|88.362|-0.251|0.016|-17.685|-0.012|False|False
20250514|246851.51|0|0|1|83.651|-0.235|0.015|-17.724|-0.009|False|False
20250515|239963.86|0|0|1|78.751|-0.222|0.014|-17.75|-0.007|False|False
20250516|246100.13|0|0|1|78.019|-0.208|0.013|-17.763|-0.004|False|False
20250517|246100.13|0|0|1|74.892|-0.196|0.013|-17.764|-0.002|False|False
20250518|246100.13|0|0|1|76.8|-0.183|0.013|-17.757|-0|False|False
20250519|238962.02|0|0|1|77.152|-0.169|0.013|-17.741|0.001|False|False
20250520|237208.8|0|0|1|77.13|-0.156|0.013|-17.717|0.003|False|False
20250521|238335.87|0|0|1|77.815|-0.143|0.013|-17.685|0.004|False|False
20250522|250357.95|0|0|1|71.825|-0.128|0.015|-17.641|0.006|False|False
20250523|242718.92|0|0|1|58.639|-0.115|0.013|-17.587|0.007|False|False
20250524|242718.92|0|0|1|46.821|-0.102|0.013|-17.522|0.009|False|False
20250525|242718.92|0|0|1|52.72|-0.088|0.014|-17.446|0.011|False|False
20250526|242718.92|0|0|1|54.445|-0.075|0.014|-17.359|0.013|False|False
20250527|255241.92|0|0|1|48.74|-0.059|0.016|-17.262|0.015|False|False
20250528|248479.5|0|0|1|55.761|-0.05|0.009|-17.162|0.016|False|False
20250529|251610.25|0|0|1|57.003|-0.045|0.005|-17.059|0.017|False|False
20250530|244096.45|0|0|1|49.549|-0.046|-0.001|-16.958|0.018|False|False
20250531|244096.45|0|0|1|54.134|-0.045|0.001|-16.859|0.018|False|False
20250601|244096.45|0|0|1|53.02|-0.044|0.001|-16.756|0.018|False|False
20250602|240214.32|0|0|1|55.819|-0.045|-0.001|-16.653|0.018|False|False
20250603|249356.11|0|0|1|55.093|-0.046|-0|-16.548|0.018|False|False
20250604|248980.42|0|0|1|54.229|-0.044|0.001|-16.446|0.019|False|False
20250605|239838.63|0|0|1|33.39|-0.047|-0.002|-16.35|0.018|False|False
20250606|235580.81|0|0|1|46.321|-0.046|0|-16.26|0.017|False|False
20250607|235580.81|0|0|1|49.71|-0.046|0|-16.177|0.016|False|False
20250608|235580.81|0|0|1|47.11|-0.046|-0|-16.103|0.015|False|False
20250609|244973.06|0|0|1|56.766|-0.044|0.003|-16.04|0.014|False|False
20250610|263256.64|0|0|1|58.354|-0.039|0.004|-15.985|0.012|False|False
20250611|266888.31|0|0|1|54.956|-0.037|0.002|-15.939|0.01|False|False
20250612|255367.15|0|0|1|50.963|-0.035|0.002|-15.901|0.009|False|False
20250613|239713.4|0|0|1|52.572|-0.034|0.001|-15.874|0.007|False|False
20250614|239713.4|0|0|1|50.216|-0.035|-0|-15.857|0.005|False|False
20250615|239713.4|0|0|1|50.521|-0.035|-0|-15.85|0.003|False|False
20250616|252486.86|0|0|1|46.5|-0.038|-0.002|-15.856|0.001|False|False
20250617|239713.4|0|0|1|45.729|-0.041|-0.003|-15.873|-0.001|False|False
20250618|236457.42|0|0|1|45.626|-0.043|-0.002|-15.902|-0.003|False|False
20250619|236457.42|0|0|1|56.803|-0.043|0|-15.946|-0.006|False|False
20250620|228818.39|0|0|1|45.779|-0.044|-0.001|-16.005|-0.008|False|False
20250621|228818.39|0|0|1|37.236|-0.048|-0.003|-16.084|-0.011|False|False
20250622|228818.39|0|0|1|35|-0.053|-0.006|-16.183|-0.015|False|False
20250623|219426.14|0|0|1|36.541|-0.055|-0.002|-16.301|-0.018|False|False
20250624|231072.53|0|0|1|28.724|-0.057|-0.002|-16.43|-0.022|False|False
20250625|230446.38|0|0|1|29.107|-0.056|0.001|-16.57|-0.024|False|False
20250626|231197.76|0|0|1|33.84|-0.055|0|-16.719|-0.026|False|False
20250627|228818.39|0|0|1|38.291|-0.056|-0.001|-16.876|-0.027|False|False
20250628|228818.39|0|0|1|42.375|-0.057|-0|-17.041|-0.028|False|False
20250629|228818.39|0|0|1|46.637|-0.059|-0.002|-17.212|-0.03|False|False
20250630|238836.79|0|0|1|46.079|-0.064|-0.005|-17.395|-0.031|False|False
20250701|227816.55|0|0|1|42.92|-0.07|-0.006|-17.59|-0.032|False|False
20250702|247352.43|0|0|1|52.633|-0.071|-0.001|-17.798|-0.034|False|False
20250703|244096.45|0|0|1|53.809|-0.07|0.001|-18.015|-0.036|False|False
20250704|244096.45|0|0|1|55.761|-0.069|0.001|-18.245|-0.037|False|False
20250705|244096.45|0|0|1|63.89|-0.068|0.001|-18.487|-0.039|False|False
20250706|244096.45|0|0|1|72.506|-0.066|0.002|-18.74|-0.04|False|False
20250707|241216.16|0|0|1|60.155|-0.064|0.002|-19|-0.041|False|False
20250708|247728.12|0|0|1|63.025|-0.061|0.003|-19.266|-0.042|False|False
20250709|262630.49|0|0|1|72.836|-0.056|0.006|-19.532|-0.042|False|False
20250710|267389.23|0|0|1|78.339|-0.044|0.012|-19.794|-0.042|False|False
20250711|285547.58|0|0|1|78.232|-0.031|0.014|-20.05|-0.041|False|False
20250712|285547.58|0|0|1|76.691|-0.016|0.015|-20.298|-0.039|False|False
20250713|285547.58|0|0|1|75.839|-0.004|0.012|-20.541|-0.038|False|False
20250714|284921.43|0|0|1|78.038|0.008|0.012|-20.782|-0.036|False|False
20250715|288678.33|0|0|1|87.246|0.023|0.015|-21.01|-0.035|False|False
20250716|320987.67|0|0|1|88.047|0.041|0.019|-21.219|-0.033|False|False
20250717|324118.42|0|0|1|88.947|0.062|0.021|-21.403|-0.03|False|False
20250718|337142.34|0|0|1|96.167|0.084|0.022|-21.561|-0.026|False|False
20250719|337142.34|0|0|1|96.29|0.106|0.022|-21.691|-0.022|False|False
20250720|337142.34|0|0|1|96.611|0.131|0.025|-21.789|-0.018|False|False
20250721|354674.54|0|0|1|98.802|0.157|0.027|-21.856|-0.014|False|False
20250722|348287.81|0|0|1|97.55|0.18|0.023|-21.893|-0.009|False|False
20250723|340273.09|0|0|1|87.144|0.2|0.02|-21.905|-0.005|False|False
20250724|355425.92|0|0|1|85.85|0.223|0.023|-21.882|-0.001|False|False
20250725|345407.52|0|0|1|86.065|0.247|0.024|-21.823|0.003|False|False
20250726|345407.52|0|0|1|87.459|0.27|0.023|-21.731|0.008|False|False
20250727|345407.52|0|0|1|88.568|0.295|0.026|-21.607|0.013|False|False
20250728|360560.35|0|0|1|81.801|0.318|0.023|-21.455|0.017|False|False
20250729|356803.45|0|0|1|79.801|0.338|0.02|-21.276|0.021|False|False
20250730|356678.22|0|0|1|74.821|0.355|0.017|-21.072|0.025|False|False
20250731|354048.39|0|0|1|62.413|0.369|0.014|-20.847|0.028|False|False
20250801|332007.91|0|0|1|47.033|0.379|0.01|-20.607|0.031|False|False
20250802|332007.91|0|0|1|40.548|0.388|0.008|-20.355|0.034|False|False
20250803|332007.91|0|0|1|37.048|0.396|0.009|-20.088|0.036|False|False
20250804|347536.43|0|0|1|48.195|0.407|0.01|-19.808|0.039|False|False
20250805|338394.64|0|0|1|44.811|0.411|0.004|-19.52|0.041|False|False
20250806|349540.11|0|0|1|52.126|0.414|0.004|-19.229|0.043|False|False
20250807|367072.31|0|0|1|57.229|0.42|0.006|-18.928|0.044|False|False
20250808|385606.35|0|0|1|59.399|0.427|0.006|-18.621|0.046|False|False
20250809|385606.35|0|0|1|64.981|0.434|0.007|-18.307|0.048|False|False
20250810|385606.35|0|0|1|61.708|0.441|0.007|-17.985|0.05|False|False
20250811|403889.93|0|0|1|64.107|0.448|0.007|-17.65|0.052|False|False
20250812|428935.93|0|0|1|70.813|0.464|0.015|-17.297|0.055|False|False
20250813|449598.88|0|0|1|72.94|0.48|0.016|-16.929|0.059|False|False
20250814|430438.69|0|0|1|69.682|0.493|0.013|-16.55|0.062|False|False
20250815|415160.63|0|0|1|73.065|0.503|0.011|-16.162|0.066|False|False
20250816|415160.63|0|0|1|76.083|0.512|0.008|-15.765|0.069|False|False
20250817|415160.63|0|0|1|75.367|0.522|0.011|-15.356|0.072|False|False
20250818|412906.49|0|0|1|65.932|0.531|0.008|-14.939|0.076|False|False
20250819|391993.08|0|0|1|61.57|0.535|0.004|-14.518|0.079|False|False
20250820|412155.11|0|0|1|64.897|0.544|0.01|-14.084|0.083|False|False
20250821|400007.8|0|0|1|57.481|0.556|0.011|-13.634|0.087|False|False
20250822|458239.75|0|0|1|65.938|0.578|0.023|-13.156|0.094|False|False
20250823|458239.75|0|0|1|60.773|0.598|0.02|-12.654|0.102|False|False
20250824|458239.75|0|0|1|61.072|0.614|0.016|-12.128|0.11|False|False
20250825|418917.53|0|0|1|52.653|0.625|0.011|-11.589|0.119|False|False
20250826|436074.04|0|0|1|50.182|0.638|0.013|-11.033|0.128|False|False
20250827|432818.06|0|0|1|45.036|0.646|0.007|-10.468|0.137|False|False
20250828|420420.29|0|0|1|49.125|0.652|0.006|-9.898|0.146|False|False
20250829|411028.04|0|0|1|48.324|0.651|-0.001|-9.329|0.154|False|False
20250830|411028.04|0|0|1|48.908|0.651|-0|-8.758|0.163|False|False
20250831|411028.04|0|0|1|48.229|0.651|0|-8.184|0.173|False|False
20250901|411028.04|0|0|1|50.043|0.643|-0.008|-7.613|0.184|False|False
20250902|404516.08|0|0|1|56.182|0.632|-0.011|-7.042|0.196|False|False
20250903|424177.19|0|0|1|53.047|0.628|-0.005|-6.468|0.21|False|False
20250904|404516.08|0|0|1|51.945|0.622|-0.005|-5.887|0.227|False|False
20250905|410401.89|0|0|1|30.463|0.617|-0.005|-5.301|0.247|False|False
20250906|410401.89|0|0|1|30.983|0.611|-0.006|-4.713|0.271|False|False
20250907|410401.89|0|0|1|32.394|0.609|-0.003|-4.118|0.301|False|False
20250908|406519.76|0|0|1|46.558|0.61|0.001|-3.511|0.338|False|False
20250909|406707.605|0|0|1|29.669|0.607|-0.003|-2.898|0.385|False|False
20250910|409525.28|0|0|1|38.309|0.606|-0.001|-2.277|0.447|False|False
20250911|428560.24|||0|47.009|0.595|-0.01|-1.657|0.5|False|False
20250912|428560.24|||0|70.292|0.591|-0.005|-1.032|0.5|False|False
20250913|428560.24|||0|66.19|0.585|-0.005|-0.404|0.5|False|False
20250914|428560.24|||0|61.548|0.586|0|0.233|0.5|False|False
20250915|428560.24|||0|61.083|0.58|-0.005|0.87|0.5|False|False
20250916|428560.24|||0|59.182|0.576|-0.004|1.509|0.5|False|False
20250917|428560.24|||0|57.616|0.573|-0.003|2.154|0.5|False|False
20250918|428560.24|||0|68.531|0.573|-0|2.808|0.5|False|False
20250919|428560.24|||0|59.144|0.57|-0.003|3.465|0.5|False|False
20250920|428560.24|||0|61.887|0.567|-0.003|4.122|0.5|False|False
20250921|428560.24|||0|58.343|0.565|-0.002|4.776|0.5|False|False
20250922|428560.24|||0|45.306|0.559|-0.006|5.428|0.5|False|False
20250923|428560.24|||0|43.797|0.55|-0.009|6.074|0.474|False|False
20250924|428560.24|||0|41.333|0.544|-0.006|6.719|0.407|False|False
20250925|428560.24|||0|27.231|0.534|-0.01|7.357|0.355|False|False
20250926|428560.24|||0|22.054|0.526|-0.007|7.993|0.316|False|False
20250927|428560.24|||0|22.609|0.518|-0.008|8.626|0.284|False|False
20250928|428560.24|||0|31.274|0.512|-0.006|9.254|0.258|False|False
20250929|428560.24|||0|37.551|0.507|-0.005|9.883|0.236|False|False
20250930|428560.24|||0|36.151|0.5|-0.007|10.513|0.219|False|False
20251001|428560.24|||0|41.414|0.494|-0.006|11.143|0.204|False|False
20251002|428560.24|||0|46.691|0.486|-0.008|11.773|0.191|False|False
20251003|431203.3|0|0|1|51.517|0.48|-0.007|12.404|0.18|False|False
20251004|431203.3|0|0|1|50.237|0.474|-0.006|13.035|0.17|False|False
20251005|431203.3|0|0|1|52.197|0.469|-0.004|13.674|0.162|False|False
20251006|450459.88|0|0|1|67.536|0.468|-0.001|14.324|0.155|False|False
20251007|426672.34|0|0|1|59.029|0.462|-0.007|14.979|0.149|False|False
20251008|430070.56|0|0|1|61.364|0.456|-0.006|15.641|0.144|False|False
20251009|412953.6|0|0|1|66.478|0.45|-0.006|16.309|0.139|False|False
20251010|380104.14|0|0|1|44.865|0.436|-0.014|16.977|0.133|False|False
20251011|380104.14|0|0|1|43.139|0.421|-0.015|17.644|0.128|False|False
20251012|380104.14|0|0|1|50.511|0.416|-0.005|18.316|0.123|False|False
20251013|405024.42|0|0|1|50.625|0.414|-0.002|18.994|0.119|False|False
20251014|391179.82|0|0|1|49.553|0.41|-0.005|19.675|0.115|False|False
20251015|379474.84|0|0|1|41.85|0.408|-0.002|20.358|0.111|False|False
20251016|368021.58|0|0|1|36.438|0.402|-0.006|21.039|0.108|False|False
20251017|364245.78|0|0|1|34.648|0.396|-0.006|21.717|0.104|False|False
20251018|364245.78|0|0|1|36.717|0.388|-0.008|22.396|0.1|False|False
20251019|364245.78|0|0|1|38.573|0.38|-0.007|23.07|0.097|False|False
20251020|379348.98|0|0|1|33.588|0.374|-0.007|23.738|0.093|False|False
20251021|381111.02|0|0|1|35.791|0.362|-0.012|24.397|0.089|False|False
20251022|361980.3|0|0|1|32.132|0.347|-0.015|25.043|0.086|False|False
20251023|367392.28|0|0|1|36.517|0.333|-0.014|25.677|0.082|False|False
20251024|373937|0|0|1|53.146|0.32|-0.013|26.303|0.078|False|False
20251025|373937|0|0|1|57.341|0.307|-0.013|26.918|0.075|False|False
20251026|373937|0|0|1|49.725|0.294|-0.013|27.521|0.072|False|False
20251027|399612.44|0|0|1|44.45|0.285|-0.009|28.115|0.069|False|False
20251028|385012.68|0|0|1|43.76|0.273|-0.012|28.696|0.066|False|False
20251029|371545.66|0|0|1|46.135|0.262|-0.011|29.266|0.063|False|False
20251030|350275.32|0|0|1|45.87|0.258|-0.004|29.834|0.061|False|False
20251031|369531.9|0|0|1|50.676|0.256|-0.002|30.401|0.059|False|False
20251101|369531.9|0|0|1|49.226|0.248|-0.008|30.96|0.058|False|False
20251102|369531.9|0|0|1|46.271|0.24|-0.009|31.516|0.056|False|False
20251103|340961.68|0|0|1|35.349|0.229|-0.011|32.066|0.055|False|False
20251104|305595.02|0|0|1|30.492|0.216|-0.013|32.612|0.053|False|False
20251105|328249.82|0|0|1|37.736|0.206|-0.01|33.154|0.052|False|False
20251106|314656.94|0|0|1|33.282|0.196|-0.01|33.692|0.051|False|False
20251107|329634.28|0|0|1|35.059|0.186|-0.009|34.227|0.05|False|True
20251108|329634.28|0|0|1|33.605|0.175|-0.012|34.757|0.048|False|True
20251109|329634.28|0|0|1|32.717|0.166|-0.009|35.285|0.047|False|True
20251110|339577.22|0|0|1|33.189|0.158|-0.008|35.812|0.046|False|True
20251111|327117.08|0|0|1|32.882|0.149|-0.009|36.338|0.045|False|True
20251112|324599.88|0|0|1|34.48|0.14|-0.009|36.861|0.045|False|True
20251113|301315.78|0|0|1|32.791|0.127|-0.013|37.377|0.044|False|True
20251114|298169.28|0|0|1|28.727|0.112|-0.015|37.88|0.042|False|True
20251115|298169.28|0|0|1|30.156|0.095|-0.017|38.37|0.041|False|True
20251116|298169.28|0|0|1|27.518|0.077|-0.018|38.845|0.039|False|True
20251117|285835|0|0|1|31.707|0.06|-0.017|39.309|0.038|False|True
20251118|296910.68|0|0|1|43.801|0.046|-0.014|39.759|0.036|False|True
20251119|279919.58|0|0|1|34.943|0.032|-0.014|40.194|0.035|False|True
20251120|269473.2|0|0|1|33.005|0.015|-0.017|40.613|0.033|False|True
20251121|260537.14|0|0|1|25.322|-0.003|-0.019|41.013|0.032|False|True
20251122|260537.14|0|0|1|26.097|-0.022|-0.019|41.389|0.03|False|True
20251123|260537.14|0|0|1|16.782|-0.036|-0.014|41.747|0.028|False|True
20251124|282562.64|0|0|1|26.54|-0.043|-0.007|42.091|0.026|False|True
20251125|278535.12|0|0|1|30.361|-0.052|-0.009|42.423|0.025|False|True
20251126|288226.34|0|0|1|34.365|-0.058|-0.006|42.744|0.024|False|True
20251127|288226.34|0|0|1|39.755|-0.066|-0.008|43.051|0.023|False|True
20251128|288855.64|0|0|1|46.253|-0.073|-0.007|43.346|0.022|False|True
20251129|288855.64|0|0|1|40.61|-0.084|-0.011|43.626|0.021|False|True
20251130|288855.64|0|0|1|44.131|-0.094|-0.01|43.891|0.02|False|True
20251201|261418.16|0|0|1|38.575|-0.105|-0.011|44.14|0.018|False|True
20251202|283317.8|0|0|1|44.217|-0.112|-0.008|44.376|0.017|False|True
20251203|298546.86|0|0|1|57.171|-0.115|-0.002|44.605|0.016|False|True
20251204|299176.16|0|0|1|64.533|-0.116|-0.001|44.821|0.015|False|True
20251205|287597.04|0|0|1|61.927|-0.119|-0.004|45.019|0.014|False|True
20251206|287597.04|0|0|1|62.408|-0.122|-0.002|45.196|0.013|False|True
20251207|287597.04|0|0|1|61.958|-0.122|-0.001|45.355|0.012|False|True
20251208|298546.86|0|0|1|58.638|-0.124|-0.001|45.499|0.011|False|True
20251209|316796.56|0|0|1|65.271|-0.121|0.003|45.628|0.01|False|True
20251210|319565.48|0|0|1|63.244|-0.116|0.005|45.748|0.009|False|True
20251211|306853.62|0|0|1|59.283|-0.111|0.005|45.859|0.008|False|True
20251212|292883.16|0|0|1|51.945|-0.107|0.003|45.96|0.007|False|True
20251213|292883.16|0|0|1|54.715|-0.104|0.003|46.051|0.007|False|True
20251214|292883.16|0|0|1|52.479|-0.104|0|46.13|0.006|False|True
20251215|278409.26|0|0|1|56.377|-0.105|-0.001|46.194|0.005|False|True
20251216|280423.02|0|0|1|48.449|-0.108|-0.002|46.242|0.004|False|True
20251217|268340.46|0|0|1|32.467|-0.111|-0.004|46.274|0.003|False|True
20251218|264312.94|0|0|1|34.231|-0.116|-0.004|46.286|0.002|False|True
20251219|284953.98|0|0|1|47.712|-0.117|-0.001|46.285|0.001|False|False
20251220|284953.98|0|0|1|46.868|-0.118|-0.001|46.269|-0|False|False
20251221|284953.98|0|0|1|47.024|-0.115|0.002|46.242|-0.001|False|False
20251222|282940.22|0|0|1|43.686|-0.116|-0|46.201|-0.002|False|False
20251223|282185.06|0|0|1|27.362|-0.119|-0.004|46.141|-0.003|False|False
20251224|279038.56|0|0|1|26.37|-0.122|-0.003|46.068|-0.004|False|False
20251225|279038.56|0|0|1|27.983|-0.125|-0.002|45.989|-0.005|False|False
20251226|278660.98|0|0|1|37.358|-0.127|-0.002|45.908|-0.005|False|False
20251227|278660.98|0|0|1|36.314|-0.129|-0.002|45.824|-0.005|False|False
20251228|278660.98|||0|40.012|-0.132|-0.003|45.737|-0.005|True|False
20251229|278660.98|||0|46.902|-0.138|-0.006|45.644|-0.006|True|False
20251230|278660.98|||0|50.702|-0.143|-0.006|45.547|-0.006|True|False
20251231|278660.98|||0|67.529|-0.148|-0.004|45.443|-0.006|True|False
20260101|278660.98|||0|70.837|-0.149|-0.002|45.34|-0.007|True|False
20260102|278660.98|||0|68.823|-0.15|-0|45.237|-0.007|True|False
20260103|278660.98|||0|69.01|-0.15|0|45.133|-0.007|True|False
20260104|278660.98|||0|68.259|-0.148|0.002|45.032|-0.007|True|False
20260105|278660.98|||0|73.823|-0.145|0.003|44.931|-0.007|False|False
20260106|278660.98|||0|84.007|-0.139|0.006|44.832|-0.007|True|False
20260107|278660.98|||0|68.429|-0.134|0.004|44.735|-0.007|False|False
20260108|278660.98|||0|66.174|-0.133|0.001|44.637|-0.007|False|False
20260109|278660.98|||0|62.687|-0.132|0.001|44.539|-0.007|False|False
20260110|278660.98|||0|61.231|-0.132|0.001|44.442|-0.007|False|False
20260111|278660.98|||0|63.427|-0.131|0.001|44.346|-0.007|False|False
20260112|278660.98|||0|62.198|-0.129|0.001|44.255|-0.006|False|False
20260113|278660.98|||0|70.882|-0.125|0.005|44.171|-0.006|False|False
20260114|278660.98|||0|72.334|-0.119|0.006|44.094|-0.006|False|False
20260115|278660.98|||0|68.156|-0.114|0.005|44.023|-0.005|False|False
20260116|276769.9|0|0|1|61.111|-0.111|0.004|43.957|-0.005|False|False
20260117|276769.9|0|0|1|61.703|-0.106|0.004|43.898|-0.004|False|False
20260118|276769.9|0|0|1|58.838|-0.102|0.004|43.849|-0.004|False|False
20260119|276769.9|0|0|1|47.542|-0.1|0.002|43.804|-0.003|False|False
20260120|252185.86|0|0|1|31.706|-0.101|-0.001|43.76|-0.003|False|False
20260121|254521.9|0|0|1|39.548|-0.101|-0|43.715|-0.003|False|False
20260122|246623.86|0|0|1|41.064|-0.104|-0.003|43.666|-0.003|False|False
20260123|246957.58|0|0|1|42.349|-0.107|-0.003|43.616|-0.003|False|False
20260124|246957.58|0|0|1|42.157|-0.11|-0.003|43.563|-0.003|False|False
20260125|246957.58|0|0|1|34.026|-0.116|-0.006|43.506|-0.004|False|False
20260126|243620.38|0|0|1|41.967|-0.122|-0.006|43.449|-0.004|False|False
20260127|253965.7|0|0|1|33.309|-0.124|-0.003|43.395|-0.004|False|False
20260128|252964.54|0|0|1|30.251|-0.126|-0.002|43.34|-0.004|False|False
20260129|234832.42|0|0|1|25.832|-0.13|-0.004|43.279|-0.004|False|False
20260130|224375.86|0|0|1|23.671|-0.136|-0.006|43.212|-0.004|False|False
20260131|224375.86|0|0|1|18.481|-0.145|-0.01|43.135|-0.005|False|False
20260201|224375.86|0|0|1|16.664|-0.157|-0.012|43.045|-0.005|False|False
20260202|194674.78|0|0|1|21.953|-0.171|-0.014|42.939|-0.006|False|False
20260203|192894.94|0|0|1|24.108|-0.186|-0.016|42.814|-0.007|False|False
20260204|181770.94|0|0|1|20.335|-0.203|-0.016|42.667|-0.009|False|False
20260205|156408.22|0|0|1|16.837|-0.223|-0.02|42.488|-0.01|False|False
20260206|172538.02|0|0|1|27.05|-0.24|-0.017|42.279|-0.012|False|False
20260207|172538.02|0|0|1|28.122|-0.257|-0.016|42.038|-0.015|False|False
20260208|172538.02|0|0|1|30.136|-0.272|-0.015|41.771|-0.017|False|False
20260209|178322.5|0|0|1|26.279|-0.283|-0.011|41.48|-0.019|False|False
20260210|169089.58|0|0|1|20.899|-0.296|-0.013|41.161|-0.021|False|False
20260211|164083.78|0|0|1|20.159|-0.31|-0.014|40.809|-0.023|False|False
20260212|160857.82|0|0|1|22.841|-0.324|-0.014|40.423|-0.025|False|False
20260213|171759.34|0|0|1|29.436|-0.336|-0.012|40.003|-0.028|False|False
20260214|171759.34|0|0|1|36.895|-0.346|-0.01|39.551|-0.031|False|False
20260215|171759.34|0|0|1|38.501|-0.359|-0.013|39.061|-0.034|False|False
20260216|171759.34|0|0|1|36.342|-0.373|-0.014|38.531|-0.037|False|False
20260217|167420.98|0|0|1|39.831|-0.387|-0.014|37.963|-0.04|False|False
20260218|162748.9|0|0|1|41.473|-0.399|-0.012|37.364|-0.043|False|False
20260219|163750.06|0|0|1|57.954|-0.409|-0.01|36.732|-0.047|False|False
20260220|165641.14|0|0|1|41.787|-0.415|-0.006|36.07|-0.05|False|False
20260221|165641.14|0|0|1|39.42|-0.419|-0.003|35.382|-0.053|False|False
20260222|165641.14|0|0|1|38.435|-0.424|-0.005|34.663|-0.056|False|False
20260223|156296.98|0|0|1|31.025|-0.428|-0.005|33.917|-0.06|False|False
20260224|156074.5|0|0|1|35.447|-0.431|-0.003|33.147|-0.063|False|False
20260225|174429.1|0|0|1|58.203|-0.427|0.004|32.365|-0.066|False|False
20260226|170090.74|0|0|1|55.573|-0.427|0|31.569|-0.069|False|False
20260227|161525.26|0|0|1|41.717|-0.428|-0.001|30.762|-0.072|False|False
20260228|161525.26|0|0|1|41.454|-0.429|-0.001|29.946|-0.075|False|False
20260301|161525.26|0|0|1|47.802|-0.43|-0.001|29.119|-0.078|False|False
20260302|170980.66|0|0|1|52.19|-0.428|0.001|28.284|-0.081|False|False
20260303|166086.1|0|0|1|49.335|-0.426|0.002|27.447|-0.083|False|False
20260304|180769.78|0|0|1|60.594|-0.423|0.004|26.61|-0.086|False|False
20260305|175763.98|0|0|1|57.146|-0.421|0.002|25.769|-0.089|False|False
20260306|166086.1|0|0|1|50.52|-0.421|-0|24.921|-0.092|False|False
20260307|166086.1|0|0|1|49.772|-0.42|0.001|24.067|-0.096|False|False
20260308|166086.1|0|0|1|48.892|-0.42|0|23.206|-0.099|False|False
20260309|170980.66|0|0|1|57.543|-0.418|0.001|22.34|-0.104|False|False
20260310|171314.38|0|0|1|59.665|-0.416|0.003|21.461|-0.108|False|False
20260311|174540.34|0|0|1|49.8|-0.413|0.003|20.568|-0.114|False|False
20260312|173872.9|0|0|1|53.052|-0.41|0.003|19.666|-0.12|False|False
20260313|176765.14|0|0|1|61.852|-0.407|0.003|18.756|-0.126|False|False
20260314|176765.14|0|0|1|60.113|-0.404|0.003|17.841|-0.133|False|False
20260315|176765.14|0|0|1|66.856|-0.398|0.006|16.92|-0.14|False|False
20260316|195898.42|0|0|1|70.43|-0.389|0.008|16|-0.147|False|False
20260317|195119.74|0|0|1|71.456|-0.384|0.005|15.081|-0.155|False|False
20260318|183550.78|0|0|1|55.131|-0.381|0.004|14.157|-0.163|False|False
20260319|179768.62|0|0|1|54.311|-0.376|0.004|13.225|-0.173|False|False
20260320|179101.18|0|0|1|62.343|-0.372|0.004|12.274|-0.186|False|False
20260321|179101.18|0|0|1|57.245|-0.368|0.004|11.308|-0.201|False|False
20260322|179101.18|0|0|1|57.966|-0.366|0.002|10.328|-0.219|False|False
20260323|181103.5|0|0|1|60.29|-0.362|0.004|9.34|-0.239|False|False
20260324|177655.06|0|0|1|58.089|-0.359|0.002|8.343|-0.262|False|False
20260325|182549.62|0|0|1|57.967|-0.356|0.004|7.341|-0.289|False|False
20260326|171981.82|0|0|1|49.171|-0.352|0.004|6.336|-0.322|False|False
20260327|166976.02|0|0|1|44.156|-0.35|0.003|5.335|-0.36|False|False
20260328|166976.02|0|0|1|43.955|-0.347|0.003|4.338|-0.409|False|False
20260329|166976.02|0|0|1|37.714|-0.345|0.002|3.342|-0.473|False|False
20260330|169868.26|0|0|1|25.196|-0.343|0.002|2.356|-0.5|False|False
20260331|176097.7|0|0|1|34.946|-0.34|0.003|1.384|-0.5|False|False
20260401|179768.62|0|0|1|44.832|-0.337|0.003|0.42|-0.5|False|False
20260402|173872.9|0|0|1|43.743|-0.335|0.002|-0.537|-0.5|False|False
20260403|173872.9|0|0|1|42.706|-0.334|0.001|-1.489|-0.5|False|False
20260404|173872.9|0|0|1|49.023|-0.333|0.001|-2.433|-0.5|False|False
20260405|173872.9|0|0|1|54.659|-0.335|-0.001|-3.377|-0.5|False|False
20260406|180213.58|0|0|1|45.584|-0.335|-0.001|-4.322|-0.5|False|False
20260407|177432.58|0|0|1|56.801|-0.333|0.003|-5.261|-0.5|False|False
20260408|185998.06|0|0|1|51.66|-0.33|0.003|-6.197|-0.5|False|False
20260409|186554.26|0|0|1|61.467|-0.327|0.003|-7.119|-0.5|False|False
20260410|189668.98|0|0|1|72.969|-0.322|0.005|-8.031|-0.5|False|False
20260411|189668.98|0|0|1|74.743|-0.316|0.006|-8.932|-0.442|False|False
20260412|189668.98|0|0|1|65.54|-0.313|0.003|-9.831|-0.381|False|False
20260413|190002.7|0|0|1|71.377|-0.308|0.006|-10.719|-0.335|False|False
20260414|194563.54|0|0|1|64.044|-0.303|0.005|-11.599|-0.298|False|False
20260415|199903.06|0|0|1|64.14|-0.296|0.007|-12.468|-0.268|False|False
20260416|198234.46|0|0|1|70.569|-0.288|0.008|-13.329|-0.243|False|False
20260417|204463.9|0|0|1|73.622|-0.279|0.009|-14.178|-0.222|False|False
20260418|204463.9|0|0|1|67.085|-0.271|0.008|-15.016|-0.204|False|False
20260419|204463.9|0|0|1|58.871|-0.265|0.006|-15.846|-0.189|False|False
20260420|196009.66|0|0|1|61.179|-0.259|0.006|-16.664|-0.175|False|False
20260421|193006.18|0|0|1|55.341|-0.254|0.005|-17.468|-0.163|False|False
20260422|201682.9|0|0|1|61.563|-0.247|0.007|-18.259|-0.152|False|False
20260423|194563.54|0|0|1|58.408|-0.24|0.007|-19.032|-0.142|False|False
20260424|194897.26|0|0|1|54.374|-0.233|0.007|-19.792|-0.133|False|False
20260425|194897.26|0|0|1|52.173|-0.227|0.006|-20.537|-0.125|False|False
20260426|194897.26|0|0|1|62.209|-0.22|0.007|-21.268|-0.117|False|False
20260427|192116.26|0|0|1|44.502|-0.216|0.004|-21.991|-0.111|False|False
20260428|193228.66|0|0|1|47.086|-0.212|0.004|-22.702|-0.105|False|False
20260429|187444.18|0|0|1|40.881|-0.208|0.004|-23.404|-0.1|False|False
20260430|190002.7|0|0|1|41.942|-0.205|0.003|-24.096|-0.096|False|False
