20140505|194192.234|0|0|1|67.138|0.246|0.002|24.195|0.031|False|True
20140506|192044.452|0|0|1|64.741|0.249|0.002|24.439|0.031|False|True
20140507|192433.885|0|0|1|73.373|0.251|0.002|24.685|0.031|False|True
20140508|193507.776|0|0|1|71.392|0.253|0.002|24.931|0.03|False|True
20140512|195502.145|0|0|1|70.885|0.255|0.002|25.179|0.03|False|True
20140513|195726.364|0|0|1|71.087|0.257|0.002|25.428|0.03|False|True
20140514|195726.364|0|0|1|65.378|0.259|0.002|25.677|0.03|False|True
20140515|194888.493|0|0|1|57.109|0.26|0.001|25.927|0.03|False|True
20140519|191194.78|0|0|1|44.043|0.261|0.001|26.176|0.029|False|True
20140520|187359.455|0|0|1|42.652|0.261|0|26.424|0.029|False|True
20140521|188515.953|0|0|1|49.356|0.261|0|26.672|0.029|False|True
20140522|192740.711|0|0|1|62.237|0.262|0.001|26.919|0.028|False|True
20140527|199726.903|0|0|1|70.565|0.264|0.002|27.166|0.028|False|True
20140528|198570.405|0|0|1|67.013|0.265|0.002|27.414|0.028|False|True
20140529|202795.163|0|0|1|67.265|0.268|0.002|27.663|0.028|False|True
20140602|203420.616|0|0|1|64.463|0.27|0.002|27.913|0.027|False|True
20140603|199030.644|0|0|1|56.729|0.272|0.002|28.164|0.027|False|True
20140604|197720.733|0|0|1|53.719|0.274|0.002|28.414|0.027|False|True
20140605|203786.447|0|0|1|53.402|0.275|0.001|28.665|0.027|False|True
20140609|198499.599|0|0|1|46.019|0.277|0.001|28.915|0.027|False|True
20140610|194959.299|0|0|1|46.297|0.278|0.002|29.165|0.026|False|True
20140611|191891.039|0|0|1|46.258|0.28|0.002|29.415|0.026|False|True
20140612|191973.646|0|0|1|54.118|0.282|0.002|29.665|0.026|False|True
20140616|186438.977|0|0|1|46.794|0.283|0.001|29.914|0.026|False|True
20140617|183984.369|0|0|1|47.013|0.284|0.001|30.161|0.025|False|True
20140618|186368.171|0|0|1|41.34|0.285|0.001|30.409|0.025|False|True
20140619|182981.284|0|0|1|24.526|0.286|0.001|30.655|0.025|False|True
20140623|181376.348|0|0|1|25.31|0.287|0.001|30.901|0.025|False|True
20140624|181222.935|0|0|1|12.462|0.287|0.001|31.146|0.024|False|True
20140625|178909.939|0|0|1|11.942|0.287|0|31.389|0.024|False|True
20140626|174543.569|0|0|1|12.234|0.287|-0.001|31.63|0.024|False|True
20140630|167781.596|0|0|1|10.79|0.285|-0.002|31.867|0.023|False|True
20140701|176537.938|0|0|1|29.4|0.284|-0.001|32.101|0.023|False|True
20140702|180455.87|0|0|1|38.965|0.283|-0.001|32.333|0.022|False|True
20140703|180916.109|0|0|1|38.827|0.282|-0.001|32.562|0.022|False|True
20140707|180609.283|0|0|1|39.822|0.281|-0.001|32.788|0.021|False|True
20140708|184409.205|0|0|1|42.067|0.28|-0.001|33.012|0.021|False|True
20140709|188976.192|0|0|1|53.141|0.28|-0.001|33.233|0.021|False|True
20140710|190581.128|0|0|1|57.621|0.28|0|33.452|0.02|False|True
20140714|192658.104|0|0|1|57.618|0.279|-0|33.67|0.02|False|True
20140715|196115.797|0|0|1|62.476|0.279|-0|33.886|0.02|False|True
20140716|197567.32|0|0|1|63.927|0.279|-0|34.101|0.019|False|True
20140717|197413.907|0|0|1|68.166|0.278|-0.001|34.313|0.019|False|True
20140721|194805.886|0|0|1|68.891|0.277|-0.001|34.523|0.019|False|True
20140722|197720.733|0|0|1|78.818|0.276|-0.001|34.73|0.018|False|True
20140723|196646.842|0|0|1|87.911|0.275|-0.001|34.935|0.018|False|True
20140724|193354.363|0|0|1|72.313|0.274|-0.001|35.138|0.018|False|True
20140804|192964.93|0|0|1|68.702|0.273|-0.001|35.338|0.018|False|True
20140805|195419.538|0|0|1|72.169|0.272|-0.001|35.537|0.017|False|True
20140806|194581.667|0|0|1|69.365|0.272|-0.001|35.733|0.017|False|True
20140807|192386.681|0|0|1|65.301|0.27|-0.001|35.927|0.017|False|True
20140811|196953.668|0|0|1|63.011|0.269|-0.001|36.118|0.016|False|True
20140812|196493.429|0|0|1|61.565|0.268|-0.001|36.307|0.016|False|True
20140813|202865.969|0|0|1|65.408|0.268|-0.001|36.494|0.016|False|True
20140814|202865.969|0|0|1|62.379|0.267|-0.001|36.678|0.016|False|True
20140818|202948.576|0|0|1|63.849|0.266|-0.001|36.861|0.015|False|True
20140819|201945.491|0|0|1|62.207|0.265|-0.001|37.042|0.015|False|True
20140820|204175.88|0|0|1|70.67|0.264|-0.001|37.221|0.015|False|True
20140821|202641.75|0|0|1|69.055|0.265|0|37.399|0.015|False|True
20140825|205757.214|0|0|1|74.514|0.265|0|37.576|0.014|False|True
20140826|204636.119|0|0|1|90.296|0.266|0.001|37.752|0.014|False|True
20140827|203255.402|0|0|1|87.276|0.265|-0|37.927|0.014|False|True
20140828|199490.883|0|0|1|59.45|0.264|-0.002|38.099|0.014|False|True
20140902|197024.474|0|0|1|69.3|0.263|-0.001|38.269|0.014|False|True
20140903|200257.948|0|0|1|72.103|0.261|-0.002|38.436|0.013|False|True
20140904|200187.142|0|0|1|73.435|0.26|-0.001|38.601|0.013|False|True
20140908|202334.924|0|0|1|70.456|0.26|-0|38.765|0.013|False|True
20140909|203326.208|0|0|1|67.233|0.26|-0|38.928|0.013|False|True
20140910|203290.805|0|0|1|67.161|0.259|-0|39.089|0.013|False|True
20140911|202641.75|0|0|1|65.386|0.26|0|39.25|0.013|False|True
20140915|205096.358|0|0|1|65.651|0.26|0|39.41|0.012|False|True
20140916|204105.074|0|0|1|65.646|0.26|0|39.569|0.012|False|True
20140917|206016.836|0|0|1|64.007|0.261|0|39.728|0.012|False|True
20140918|207244.14|0|0|1|66.329|0.262|0.001|39.887|0.012|False|True
20140922|204565.313|0|0|1|56.301|0.264|0.001|40.048|0.012|False|True
20140923|201792.078|0|0|1|53.86|0.264|0.001|40.209|0.012|False|True
20140924|202559.143|0|0|1|67.495|0.266|0.001|40.371|0.012|False|True
20140925|199573.49|0|0|1|55.741|0.267|0.001|40.533|0.012|False|True
20140929|200753.59|0|0|1|50.26|0.268|0.001|40.697|0.012|False|True
20140930|201485.252|0|0|1|37.836|0.269|0.001|40.861|0.012|False|True
20141001|199797.709|0|0|1|40.191|0.271|0.002|41.028|0.012|False|True
20141002|204411.9|0|0|1|39.891|0.274|0.003|41.198|0.012|False|True
20141013|196033.19|0|0|1|30.389|0.275|0.001|41.369|0.012|False|True
20141014|196953.668|0|0|1|28.95|0.276|0.001|41.541|0.013|False|True
20141015|192351.278|0|0|1|23.16|0.276|0|41.713|0.012|False|True
20141016|190274.302|0|0|1|18.41|0.276|-0|41.884|0.012|False|True
20141020|191123.974|0|0|1|18.12|0.275|-0.001|42.054|0.012|False|True
20141021|193425.169|0|0|1|14.883|0.274|-0.001|42.223|0.012|False|True
20141022|193968.015|0|0|1|28.48|0.274|-0.001|42.39|0.012|False|True
20141023|196576.036|0|0|1|35.458|0.273|-0.001|42.556|0.012|False|True
20141027|197956.753|0|0|1|37.645|0.272|-0.001|42.72|0.012|False|True
20141028|200718.187|0|0|1|44.054|0.271|-0.001|42.883|0.012|False|True
20141029|201107.62|0|0|1|48.301|0.271|-0.001|43.045|0.011|False|True
20141030|198039.36|0|0|1|44.709|0.27|-0.001|43.206|0.011|False|True
20141103|198664.813|0|0|1|50.455|0.269|-0.001|43.366|0.011|False|True
20141104|202028.098|0|0|1|49.332|0.269|-0|43.526|0.011|False|True
20141105|197036.275|0|0|1|51.107|0.268|-0|43.685|0.011|False|True
20141106|197720.733|0|0|1|51.716|0.268|-0|43.844|0.011|False|True
20141110|201874.685|0|0|1|59.863|0.268|-0|44.003|0.011|False|True
20141111|201874.685|0|0|1|70.608|0.267|-0|44.161|0.011|False|True
20141112|202252.317|0|0|1|69.157|0.267|-0|44.32|0.011|False|True
20141113|199030.644|0|0|1|67.392|0.266|-0|44.478|0.011|False|True
20141117|200411.361|0|0|1|63.083|0.266|-0.001|44.636|0.011|False|True
20141118|202382.128|0|0|1|60.956|0.265|-0.001|44.793|0.011|False|True
20141119|202488.337|0|0|1|62.651|0.264|-0.001|44.949|0.011|False|True
20141120|203939.86|0|0|1|56.462|0.263|-0.001|45.104|0.01|False|True
20141124|200340.555|0|0|1|47.25|0.261|-0.001|45.258|0.01|False|True
20141125|202334.924|0|0|1|47.58|0.259|-0.002|45.41|0.01|False|True
20141126|197956.753|0|0|1|40.382|0.257|-0.002|45.562|0.01|False|True
20141201|188976.192|0|0|1|26.493|0.254|-0.003|45.71|0.01|False|True
20141202|186368.171|0|0|1|28.976|0.251|-0.003|45.856|0.01|False|True
20141203|185825.325|0|0|1|24.502|0.247|-0.004|45.999|0.01|False|True
20141204|186132.151|0|0|1|21.977|0.245|-0.003|46.141|0.009|False|True
20141205|186899.216|0|0|1|21.172|0.242|-0.003|46.279|0.009|False|True
20141208|184444.608|0|0|1|21.531|0.238|-0.003|46.415|0.009|False|True
20141209|182603.652|0|0|1|18.427|0.234|-0.004|46.547|0.009|False|True
20141210|179854.019|0|0|1|17.067|0.23|-0.004|46.675|0.009|False|True
20141211|175995.092|0|0|1|12.16|0.225|-0.005|46.798|0.008|False|True
20141215|165633.814|0|0|1|7.939|0.219|-0.006|46.917|0.008|False|True
20141216|166554.292|0|0|1|7.09|0.213|-0.006|47.029|0.008|False|True
20141217|168702.074|0|0|1|11.023|0.207|-0.006|47.136|0.007|False|True
20150120|176998.177|0|0|1|28.505|0.202|-0.005|47.238|0.007|False|True
20150121|177529.222|0|0|1|26.5|0.197|-0.005|47.334|0.006|False|True
20150122|176537.938|0|0|1|30.965|0.191|-0.006|47.425|0.006|False|True
20150126|175381.44|0|0|1|35.036|0.186|-0.005|47.51|0.006|False|True
20150127|175747.271|0|0|1|38.533|0.181|-0.005|47.589|0.005|False|True
20150128|174696.982|0|0|1|36.952|0.177|-0.004|47.662|0.005|False|True
20150129|177505.62|0|0|1|37.234|0.172|-0.004|47.73|0.005|False|True
20150202|179299.372|0|0|1|41.597|0.168|-0.004|47.793|0.004|False|True
20150203|183901.762|0|0|1|48.77|0.165|-0.004|47.851|0.004|False|True
20150204|183748.349|0|0|1|51.215|0.161|-0.003|47.903|0.004|False|True
20150205|187206.042|0|0|1|63.246|0.158|-0.003|47.95|0.003|False|True
20150209|185825.325|0|0|1|74.13|0.155|-0.003|47.992|0.003|False|True
20150210|183830.956|0|0|1|88.352|0.152|-0.003|48.03|0.003|False|True
20150211|186521.584|0|0|1|87.755|0.15|-0.002|48.064|0.002|False|True
20150212|186745.803|0|0|1|76.662|0.148|-0.002|48.096|0.002|False|True
20150217|185754.519|0|0|1|74.466|0.147|-0.002|48.124|0.002|False|True
20150218|186285.564|0|0|1|83.289|0.145|-0.002|48.15|0.002|False|True
20150219|186592.39|0|0|1|76.967|0.142|-0.003|48.172|0.002|False|True
20150223|185825.325|0|0|1|76.357|0.139|-0.003|48.191|0.001|False|True
20150224|188055.714|0|0|1|73.582|0.137|-0.003|48.206|0.001|False|True
20150225|188209.127|0|0|1|75.349|0.133|-0.003|48.218|0.001|False|True
20150226|186368.171|0|0|1|67.475|0.13|-0.003|48.225|0.001|False|True
20150302|187748.888|0|0|1|60.949|0.127|-0.003|48.229|0|False|True
20150303|185837.126|0|0|1|42.274|0.123|-0.004|48.228|0|False|False
20150304|182662.657|0|0|1|27.29|0.119|-0.004|48.221|-0|False|False
20150305|183901.762|0|0|1|13.445|0.116|-0.003|48.209|-0|False|False
20150309|185990.539|0|0|1|23.649|0.113|-0.003|48.191|-0.001|False|False
20150310|183429.722|0|0|1|24.251|0.109|-0.004|48.168|-0.001|False|False
20150311|183429.722|0|0|1|22.743|0.105|-0.004|48.139|-0.001|False|False
20150312|182816.07|0|0|1|22.914|0.101|-0.004|48.104|-0.002|False|False
20150316|180644.686|0|0|1|16.201|0.097|-0.004|48.063|-0.002|False|False
20150317|178780.128|0|0|1|16.085|0.092|-0.004|48.015|-0.003|False|False
20150318|176301.918|0|0|1|9.932|0.088|-0.005|47.961|-0.003|False|False
20150319|173894.514|0|0|1|16.023|0.083|-0.005|47.899|-0.003|False|False
20150323|175216.226|0|0|1|16.602|0.078|-0.005|47.83|-0.004|False|False
20150324|179016.148|0|0|1|25.081|0.073|-0.004|47.754|-0.004|False|False
20150325|265092.642|||0|22.378|0.069|-0.004|47.672|-0.005|True|False
20150326|265092.642|||0|23.267|0.065|-0.004|47.583|-0.005|True|False
20150330|265092.642|||0|33.656|0.062|-0.003|47.489|-0.006|True|False
20150331|265092.642|||0|37.962|0.06|-0.003|47.391|-0.006|True|False
20150401|265092.642|||0|31.068|0.057|-0.003|47.287|-0.006|False|False
20150402|265092.642|||0|35.875|0.054|-0.003|47.179|-0.007|False|False
20150406|265092.642|||0|39.556|0.052|-0.002|47.067|-0.007|False|False
20150407|265092.642|||0|43.679|0.05|-0.002|46.951|-0.007|False|False
20150408|265092.642|||0|55.335|0.049|-0.001|46.83|-0.007|False|False
20150409|265092.642|||0|58.774|0.047|-0.001|46.706|-0.008|False|False
20150413|265092.642|||0|62.129|0.047|-0.001|46.579|-0.008|False|False
20150414|265092.642|||0|58.12|0.046|-0|46.449|-0.008|False|False
20150415|265092.642|||0|61.06|0.047|0.001|46.317|-0.008|False|False
20150416|265092.642|||0|59.502|0.048|0.001|46.183|-0.009|False|False
20150420|265092.642|||0|63.676|0.047|-0.001|46.046|-0.009|False|False
20150421|265092.642|||0|69.205|0.047|-0|45.907|-0.009|False|False
20150422|265092.642|||0|65.437|0.047|-0|45.765|-0.009|False|False
20150423|265092.642|||0|63.571|0.046|-0|45.621|-0.009|False|False
20150427|265092.642|||0|77.346|0.046|-0|45.476|-0.009|False|False
20150428|265092.642|||0|74.12|0.046|-0|45.329|-0.01|False|False
20150429|265092.642|||0|74.271|0.045|-0|45.18|-0.01|False|False
20150430|265092.642|||0|65.803|0.045|-0.001|45.029|-0.01|False|False
20150504|265092.642|||0|59.025|0.044|-0.001|44.875|-0.01|False|False
20150505|265092.642|||0|60.803|0.043|-0.001|44.719|-0.01|False|False
20150506|265092.642|||0|76.345|0.042|-0.001|44.561|-0.01|False|False
20150507|265092.642|||0|75.56|0.04|-0.001|44.401|-0.011|False|False
20150511|265092.642|||0|72.11|0.039|-0.001|44.238|-0.011|False|False
20150512|265092.642|||0|66.558|0.038|-0.001|44.073|-0.011|False|False
20150513|178648.674|0|0|1|75.955|0.036|-0.001|43.906|-0.011|False|False
20150514|179373.666|0|0|1|78.151|0.036|-0.001|43.737|-0.011|False|False
20150518|180325.218|0|0|1|74.324|0.035|-0.001|43.567|-0.011|False|False
20150519|178875.234|0|0|1|71.605|0.034|-0.001|43.395|-0.012|False|False
20150520|177980.322|0|0|1|69.071|0.033|-0.001|43.221|-0.012|False|False
20150521|178795.938|0|0|1|62.62|0.032|-0.001|43.045|-0.012|False|False
20150526|177957.666|0|0|1|58.715|0.032|-0.001|42.866|-0.012|False|False
20150527|174819.81|0|0|1|53.158|0.03|-0.001|42.684|-0.012|False|False
20150528|172531.554|0|0|1|41.523|0.029|-0.002|42.498|-0.013|False|False
20150601|178263.522|0|0|1|48.958|0.028|-0.001|42.309|-0.013|False|False
20150602|175046.37|0|0|1|44.577|0.027|-0.001|42.118|-0.013|False|False
20150603|174740.514|0|0|1|46.229|0.027|-0.001|41.924|-0.014|False|False
20150604|171840.546|0|0|1|43.39|0.026|-0.001|41.727|-0.014|False|False
20150608|171308.13|0|0|1|38.974|0.025|-0.001|41.527|-0.014|False|False
20150609|171919.842|0|0|1|35.866|0.024|-0.001|41.325|-0.014|False|False
20150610|171534.69|0|0|1|26.677|0.023|-0.001|41.121|-0.015|False|False
20150611|171002.274|0|0|1|29.633|0.022|-0|40.914|-0.015|False|False
20150615|170152.674|0|0|1|31.069|0.022|-0|40.705|-0.015|False|False
20150616|169620.258|0|0|1|27.278|0.022|0|40.494|-0.015|False|False
20150617|171534.69|0|0|1|29.434|0.022|0|40.281|-0.015|False|False
20150618|172225.698|0|0|1|30.91|0.022|0|40.066|-0.016|False|False
20150622|171987.81|0|0|1|46.106|0.022|0|39.85|-0.016|False|False
20150623|172984.674|0|0|1|58.674|0.023|0|39.632|-0.016|False|False
20150624|173641.698|0|0|1|49.182|0.023|0.001|39.414|-0.016|False|False
20150625|173981.538|0|0|1|47.146|0.024|0|39.193|-0.016|False|False
20150629|171613.986|0|0|1|41.741|0.024|-0|38.971|-0.017|False|False
20150630|173562.402|0|0|1|54.864|0.024|0.001|38.747|-0.017|False|False
20150701|169540.962|0|0|1|56.755|0.024|0|38.52|-0.017|False|False
20150702|174060.834|0|0|1|57.981|0.024|0|38.291|-0.017|False|False
20150706|172758.114|0|0|1|55.591|0.024|-0|38.06|-0.018|False|False
20150707|171308.13|0|0|1|52.463|0.023|-0.001|37.827|-0.018|False|False
20150708|171308.13|0|0|1|45.441|0.023|-0.001|37.591|-0.018|False|False
20150709|170311.266|0|0|1|50.272|0.022|-0|37.353|-0.019|False|False
20150713|172067.106|0|0|1|51.955|0.022|-0|37.114|-0.019|False|False
20150714|173063.97|0|0|1|52.38|0.022|-0|36.875|-0.019|False|False
20150715|171761.25|0|0|1|45.915|0.021|-0|36.635|-0.019|False|False
20150716|169699.554|0|0|1|46.658|0.021|-0|36.394|-0.019|False|False
20150722|168249.57|0|0|1|39.865|0.02|-0.001|36.15|-0.02|False|False
20150723|170118.69|0|0|1|42.403|0.02|-0.001|35.904|-0.02|False|False
20150727|171228.834|0|0|1|45.665|0.019|-0.001|35.655|-0.02|False|False
20150728|169087.842|0|0|1|32.354|0.018|-0.001|35.403|-0.021|False|False
20150729|167637.858|0|0|1|37.459|0.017|-0.001|35.148|-0.021|False|False
20150730|167558.562|0|0|1|30.691|0.015|-0.001|34.889|-0.021|False|False
20150803|166720.29|0|0|1|35.578|0.014|-0.001|34.629|-0.022|False|False
20150804|168781.986|0|0|1|42.025|0.013|-0.001|34.365|-0.022|False|False
20150805|170005.41|0|0|1|53.777|0.012|-0.001|34.099|-0.023|False|False
20150806|170005.41|0|0|1|41.224|0.011|-0.001|33.83|-0.023|False|False
20150810|169846.818|0|0|1|30.485|0.01|-0.001|33.558|-0.023|False|False
20150811|167173.41|0|0|1|38.136|0.008|-0.001|33.284|-0.024|False|False
20150812|167558.562|0|0|1|32.372|0.007|-0.001|33.007|-0.024|False|False
20150813|169540.962|0|0|1|40.259|0.006|-0.001|32.729|-0.025|False|False
20150817|168623.394|0|0|1|39.001|0.004|-0.002|32.447|-0.025|False|False
20150818|167943.714|0|0|1|33.561|0.003|-0.002|32.163|-0.026|False|False
20150819|167943.714|0|0|1|33.384|0.001|-0.002|31.877|-0.026|False|False
20150820|160365.282|0|0|1|26.766|-0.002|-0.002|31.588|-0.026|False|False
20150824|156389.154|0|0|1|15.466|-0.005|-0.003|31.296|-0.027|False|False
20150825|152877.474|0|0|1|29.115|-0.008|-0.003|31.004|-0.027|False|False
20150826|153183.33|0|0|1|31.327|-0.01|-0.002|30.71|-0.028|False|False
20150827|165564.834|0|0|1|39.244|-0.012|-0.001|30.415|-0.028|False|False
20150831|167399.97|0|0|1|44.83|-0.013|-0.002|30.12|-0.029|False|False
20150901|164341.41|0|0|1|43.481|-0.015|-0.002|29.824|-0.029|False|False
20150902|164341.41|0|0|1|44.483|-0.017|-0.002|29.527|-0.029|False|False
20150903|161747.298|0|0|1|41.506|-0.018|-0.002|29.229|-0.03|False|False
20150904|159832.866|0|0|1|41.748|-0.02|-0.001|28.93|-0.03|False|False
20150908|165021.09|0|0|1|41.702|-0.021|-0.001|28.629|-0.03|False|False
20150909|165021.09|0|0|1|48.597|-0.022|-0.001|28.328|-0.031|False|False
20150910|165021.09|0|0|1|53.246|-0.022|-0.001|28.027|-0.031|False|False
20150914|165564.834|0|0|1|48.373|-0.023|-0.001|27.726|-0.032|False|False
20150915|164341.41|0|0|1|52.788|-0.024|-0.001|27.425|-0.032|False|False
20150916|164341.41|0|0|1|73.277|-0.025|-0.001|27.124|-0.032|False|False
20150917|162438.306|0|0|1|63.335|-0.026|-0.001|26.823|-0.033|False|False
20150921|164035.554|0|0|1|63.235|-0.028|-0.001|26.521|-0.033|False|False
20150922|162359.01|0|0|1|54.29|-0.029|-0.001|26.219|-0.033|False|False
20150929|158530.146|0|0|1|40.401|-0.031|-0.002|25.916|-0.034|False|False
20150930|161418.786|0|0|1|51.623|-0.032|-0.002|25.612|-0.034|False|False
20151001|161418.786|0|0|1|52.201|-0.034|-0.001|25.308|-0.035|False|False
20151005|165870.69|0|0|1|56.918|-0.035|-0.001|25.004|-0.035|False|False
20151006|165870.69|0|0|1|59.846|-0.036|-0.001|24.7|-0.036|False|False
20151007|165870.69|0|0|1|60.291|-0.037|-0.001|24.395|-0.036|False|False
20151008|168170.274|0|0|1|53.084|-0.038|-0.001|24.09|-0.037|False|False
20151012|167399.97|0|0|1|50.542|-0.039|-0.001|23.786|-0.037|False|False
20151013|169314.402|0|0|1|62.871|-0.039|-0|23.482|-0.037|False|False
20151014|169314.402|0|0|1|60.406|-0.04|-0.001|23.178|-0.038|False|False
20151015|164273.442|0|0|1|59.025|-0.04|-0.001|22.873|-0.038|False|False
20151019|167479.266|0|0|1|67.399|-0.041|-0.001|22.567|-0.039|False|False
20151020|169472.994|0|0|1|63.852|-0.042|-0.001|22.259|-0.04|False|False
20151021|166482.402|0|0|1|60.698|-0.043|-0.001|21.951|-0.04|False|False
20151022|164579.298|0|0|1|65.056|-0.044|-0.001|21.644|-0.041|False|False
20151026|165258.978|0|0|1|63.156|-0.045|-0.001|21.337|-0.041|False|False
20151027|166414.434|0|0|1|63.508|-0.045|-0.001|21.03|-0.042|False|False
20151028|168090.978|0|0|1|54.023|-0.046|-0.001|20.724|-0.042|False|False
20151029|166108.578|0|0|1|45.193|-0.047|-0.001|20.418|-0.043|False|False
20151102|166108.578|0|0|1|34.942|-0.048|-0.001|20.111|-0.044|False|False
20151103|163661.73|0|0|1|35.1|-0.048|-0.001|19.803|-0.044|False|False
20151104|163661.73|0|0|1|24.129|-0.049|-0.001|19.495|-0.045|False|False
20151105|161135.586|0|0|1|22.753|-0.05|-0.001|19.184|-0.046|False|False
20151109|156241.89|0|0|1|18.025|-0.051|-0.001|18.873|-0.047|False|False
20151110|156241.89|0|0|1|13.542|-0.053|-0.001|18.559|-0.048|False|False
20151111|156004.002|0|0|1|11.339|-0.054|-0.002|18.242|-0.049|False|False
20151112|151880.61|0|0|1|11.427|-0.056|-0.002|17.923|-0.05|False|False
20151116|151880.61|0|0|1|12.094|-0.058|-0.002|17.6|-0.052|False|False
20151117|151880.61|0|0|1|12.972|-0.06|-0.002|17.275|-0.053|False|False
20151118|151348.194|0|0|1|2.685|-0.061|-0.001|16.947|-0.054|False|False
20151119|151348.194|0|0|1|5.963|-0.063|-0.001|16.617|-0.056|False|False
20151123|151189.602|0|0|1|5.342|-0.064|-0.001|16.284|-0.057|False|False
20151124|148822.05|0|0|1|5.222|-0.064|-0|15.949|-0.059|False|False
20151125|147825.186|0|0|1|5.029|-0.064|-0.001|15.61|-0.061|False|False
20151130|144154.914|0|0|1|3.755|-0.066|-0.001|15.27|-0.062|False|False
20151201|146601.762|0|0|1|25.342|-0.067|-0.001|14.927|-0.064|False|False
20151202|147440.034|0|0|1|27.057|-0.069|-0.002|14.582|-0.066|False|False
20151203|147440.034|0|0|1|30.105|-0.07|-0.002|14.236|-0.068|False|False
20151208|145355.682|0|0|1|27.546|-0.072|-0.002|13.889|-0.07|False|False
20151209|145355.682|0|0|1|27.777|-0.075|-0.002|13.54|-0.071|False|False
20151210|140292.066|0|0|1|28.064|-0.077|-0.002|13.19|-0.073|False|False
20151214|140292.066|0|0|1|24.713|-0.079|-0.003|12.838|-0.076|False|False
20151215|140292.066|0|0|1|26.453|-0.082|-0.003|12.483|-0.078|False|False
20151216|140869.794|0|0|1|28.021|-0.085|-0.003|12.127|-0.081|False|False
20151217|139759.65|0|0|1|28.618|-0.088|-0.003|11.768|-0.083|False|False
20151221|137040.93|0|0|1|31.112|-0.09|-0.003|11.408|-0.086|False|False
20151222|143395.938|0|0|1|40.256|-0.093|-0.002|11.046|-0.089|False|False
20151223|143395.938|0|0|1|43.264|-0.095|-0.002|10.683|-0.092|False|False
20151224|143395.938|0|0|1|54.65|-0.096|-0.002|10.318|-0.096|False|False
20151228|143486.562|0|0|1|45.431|-0.098|-0.002|9.952|-0.099|False|False
20151229|144743.97|0|0|1|44.725|-0.1|-0.001|9.584|-0.103|False|False
20151230|147541.986|0|0|1|48.489|-0.101|-0.002|9.216|-0.107|False|False
20151231|147541.986|0|0|1|65.601|-0.103|-0.002|8.846|-0.111|False|False
20160104|140190.114|0|0|1|50.83|-0.105|-0.002|8.475|-0.116|False|False
20160105|139578.402|0|0|1|48.105|-0.108|-0.003|8.101|-0.121|False|False
20160106|143022.114|0|0|1|62.679|-0.111|-0.003|7.726|-0.127|False|False
20160107|138049.122|0|0|1|49.272|-0.114|-0.003|7.348|-0.133|False|False
20160111|134378.85|0|0|1|43.958|-0.117|-0.003|6.968|-0.14|False|False
20160112|132317.154|0|0|1|37.313|-0.121|-0.004|6.587|-0.147|False|False
20160113|132317.154|0|0|1|35.957|-0.124|-0.004|6.203|-0.156|False|False
20160114|129371.874|0|0|1|21.46|-0.128|-0.004|5.818|-0.165|False|False
20160119|127797.282|0|0|1|17.444|-0.132|-0.004|5.432|-0.175|False|False
20160120|127797.282|0|0|1|13.43|-0.137|-0.005|5.044|-0.187|False|False
20160121|123050.85|0|0|1|7.053|-0.141|-0.005|4.655|-0.2|False|False
20160125|125350.434|0|0|1|17.397|-0.145|-0.004|4.265|-0.215|False|False
20160126|125429.73|0|0|1|15.418|-0.15|-0.004|3.874|-0.232|False|False
20160127|126347.298|0|0|1|22.785|-0.154|-0.004|3.482|-0.252|False|False
20160128|130096.866|0|0|1|35.017|-0.158|-0.004|3.09|-0.276|False|False
20160201|134764.002|0|0|1|42.546|-0.161|-0.003|2.699|-0.303|False|False
20160202|134764.002|0|0|1|42.005|-0.164|-0.003|2.311|-0.336|False|False
20160203|136678.434|0|0|1|44.563|-0.167|-0.003|1.925|-0.377|False|False
20160204|138898.722|0|0|1|50.219|-0.169|-0.003|1.543|-0.429|False|False
20160208|136293.282|0|0|1|54.424|-0.172|-0.003|1.164|-0.496|False|False
20160210|136259.298|0|0|1|54.268|-0.174|-0.002|0.788|-0.5|False|False
20160211|136259.298|0|0|1|56.21|-0.176|-0.002|0.415|-0.5|False|False
20160216|139884.258|0|0|1|66.984|-0.177|-0.001|0.046|-0.5|False|False
20160217|140881.122|0|0|1|73.72|-0.179|-0.001|-0.318|-0.5|False|False
20160218|141877.986|0|0|1|78.59|-0.18|-0.001|-0.679|-0.5|False|False
20160222|142648.29|0|0|1|74.103|-0.181|-0.001|-1.037|-0.5|False|False
20160223|143180.706|0|0|1|78.538|-0.182|-0.001|-1.391|-0.5|False|False
20160224|141821.346|0|0|1|72.858|-0.183|-0.001|-1.742|-0.5|False|False
20160225|142104.546|0|0|1|65.724|-0.184|-0.001|-2.091|-0.5|False|False
20160229|143633.826|0|0|1|60.775|-0.185|-0.001|-2.437|-0.5|False|False
20160301|145095.138|0|0|1|60.564|-0.186|-0.001|-2.781|-0.5|False|False
20160302|143407.266|0|0|1|67.725|-0.186|0|-3.121|-0.493|False|False
20160303|145706.85|0|0|1|66.018|-0.186|-0|-3.46|-0.419|False|False
20160304|145706.85|0|0|1|65.66|-0.186|-0|-3.796|-0.365|False|False
20160307|150521.25|0|0|1|74.131|-0.186|-0|-4.131|-0.323|False|False
20160308|149977.506|0|0|1|81.749|-0.186|0.001|-4.463|-0.29|False|False
20160309|149218.53|0|0|1|72.558|-0.185|0.001|-4.793|-0.263|False|False
20160310|149150.562|0|0|1|76.732|-0.184|0.001|-5.119|-0.239|False|False
20160314|149037.282|0|0|1|67.773|-0.183|0.001|-5.441|-0.219|False|False
20160315|146862.306|0|0|1|63.652|-0.182|0.001|-5.76|-0.202|False|False
20160316|148300.962|0|0|1|63.72|-0.181|0.001|-6.074|-0.187|False|False
20160317|151982.562|0|0|1|73.093|-0.18|0.001|-6.385|-0.173|False|False
20160321|152594.274|0|0|1|78.464|-0.179|0.001|-6.691|-0.162|False|False
20160322|152594.274|0|0|1|78.475|-0.178|0.001|-6.992|-0.151|False|False
20160323|151212.258|0|0|1|73.88|-0.178|0.001|-7.29|-0.142|False|False
20160324|149682.978|0|0|1|61.963|-0.177|0|-7.583|-0.133|False|False
20160328|149682.978|0|0|1|50.383|-0.178|-0|-7.873|-0.126|False|False
20160329|149682.978|0|0|1|56.81|-0.177|0|-8.159|-0.119|False|False
20160330|149682.978|0|0|1|47.451|-0.177|0|-8.442|-0.113|False|False
20160331|153579.81|0|0|1|48.103|-0.177|0|-8.72|-0.108|False|False
20160404|153579.81|0|0|1|44.036|-0.176|0.001|-8.993|-0.102|False|False
20160405|146624.418|0|0|1|36.775|-0.176|0.001|-9.261|-0.097|False|False
20160406|146624.418|0|0|1|39.625|-0.175|0|-9.524|-0.092|False|False
20160407|147077.538|0|0|1|48.742|-0.174|0.001|-9.781|-0.088|False|False
20160411|149297.826|0|0|1|44.978|-0.173|0.001|-10.032|-0.083|False|False
20160412|150215.394|0|0|1|42.887|-0.171|0.002|-10.277|-0.079|False|False
20160413|149524.386|0|0|1|42.002|-0.169|0.002|-10.515|-0.075|False|False
20160414|150306.018|0|0|1|39.549|-0.167|0.002|-10.748|-0.071|False|False
20160418|149218.53|0|0|1|40.608|-0.165|0.003|-10.974|-0.068|False|False
20160419|151370.85|0|0|1|50.553|-0.161|0.003|-11.195|-0.065|False|False
20160420|150679.842|0|0|1|61.036|-0.158|0.003|-11.41|-0.062|False|False
20160421|150679.842|0|0|1|54.617|-0.155|0.003|-11.62|-0.059|False|False
20160425|151823.97|0|0|1|44|-0.152|0.003|-11.824|-0.056|False|False
20160426|148300.962|0|0|1|40.198|-0.15|0.003|-12.024|-0.054|False|False
20160427|148300.962|0|0|1|45.793|-0.148|0.002|-12.22|-0.052|False|False
20160428|150521.25|0|0|1|62.844|-0.146|0.002|-12.413|-0.05|False|False
20160502|150521.25|0|0|1|54.003|-0.145|0.001|-12.604|-0.048|False|False
20160503|147315.426|0|0|1|35.563|-0.143|0.001|-12.794|-0.047|False|False
20160504|143871.714|0|0|1|32.296|-0.142|0.001|-12.983|-0.046|False|False
20160505|142568.994|0|0|1|21.742|-0.142|0.001|-13.173|-0.045|False|False
20160509|141651.426|0|0|1|30.203|-0.141|0.001|-13.36|-0.044|False|False
20160510|145548.258|0|0|1|32.394|-0.139|0.001|-13.546|-0.043|False|False
20160511|144585.378|0|0|1|32.931|-0.139|0.001|-13.731|-0.042|False|False
20160512|144585.378|0|0|1|32.063|-0.138|0.001|-13.916|-0.042|False|False
20160516|145095.138|0|0|1|31.055|-0.137|0.001|-14.099|-0.041|False|False
20160517|145095.138|0|0|1|29.974|-0.137|0.001|-14.281|-0.04|False|False
20160518|144494.754|0|0|1|38.388|-0.136|0.001|-14.462|-0.039|False|False
20160519|144494.754|0|0|1|30.674|-0.135|0.001|-14.642|-0.039|False|False
20160523|140495.97|0|0|1|27.349|-0.135|0.001|-14.821|-0.038|False|False
20160524|140960.418|0|0|1|25.059|-0.134|0|-14.998|-0.037|False|False
20160525|141413.538|0|0|1|30.526|-0.134|0|-15.174|-0.036|False|False
20160526|141413.538|0|0|1|36.903|-0.134|0|-15.349|-0.036|False|False
20160531|139816.29|0|0|1|33.243|-0.134|-0|-15.522|-0.035|False|False
20160601|139272.546|0|0|1|39.866|-0.135|-0|-15.694|-0.034|False|False
20160602|139272.546|0|0|1|29.925|-0.135|-0.001|-15.866|-0.034|False|False
20160606|139272.546|0|0|1|36.129|-0.136|-0.001|-16.038|-0.033|False|False
20160607|143939.682|0|0|1|48.611|-0.136|-0|-16.209|-0.033|False|False
20160608|143871.714|0|0|1|48.983|-0.137|-0|-16.379|-0.032|False|False
20160609|143327.97|0|0|1|42.949|-0.137|-0|-16.549|-0.032|False|False
20160613|139578.402|0|0|1|37.742|-0.137|-0|-16.719|-0.031|False|False
20160614|140348.706|0|0|1|40.253|-0.138|-0|-16.888|-0.031|False|False
20160615|141345.57|0|0|1|47.972|-0.138|-0.001|-17.057|-0.031|False|False
20160616|139963.554|0|0|1|55.464|-0.139|-0.001|-17.224|-0.03|False|False
20160620|142795.554|0|0|1|57.828|-0.14|-0.001|-17.392|-0.03|False|False
20160621|142874.85|0|0|1|59.909|-0.14|-0.001|-17.559|-0.029|False|False
20160622|148187.682|0|0|1|59.509|-0.14|-0|-17.726|-0.029|False|False
20160623|148187.682|0|0|1|72.835|-0.14|0|-17.892|-0.029|False|False
20160627|142954.146|0|0|1|61.614|-0.141|-0|-18.058|-0.028|False|False
20160628|144381.474|0|0|1|65.762|-0.141|-0|-18.222|-0.028|False|False
20160629|145174.434|0|0|1|62.345|-0.141|-0|-18.386|-0.028|False|False
20160630|145174.434|0|0|1|51.804|-0.141|-0|-18.55|-0.027|False|False
20160705|143192.034|0|0|1|52.927|-0.141|0|-18.713|-0.027|False|False
20160711|144302.178|0|0|1|66.121|-0.14|0.001|-18.875|-0.027|False|False
20160712|147553.314|0|0|1|79.664|-0.14|0.001|-19.037|-0.026|False|False
20160713|148822.05|0|0|1|82.656|-0.139|0.001|-19.198|-0.026|False|False
20160714|151359.522|0|0|1|84.404|-0.138|0.001|-19.359|-0.026|False|False
20160718|150487.266|0|0|1|86.308|-0.137|0.001|-19.518|-0.025|False|False
20160719|150487.266|0|0|1|86.673|-0.136|0.001|-19.678|-0.025|False|False
20160720|154225.506|0|0|1|80.968|-0.134|0.001|-19.836|-0.025|False|False
20160721|153829.026|0|0|1|76.913|-0.134|0.001|-19.993|-0.024|False|False
20160725|153273.954|0|0|1|76.343|-0.133|0.001|-20.15|-0.024|False|False
20160726|152718.882|0|0|1|86.729|-0.132|0.001|-20.306|-0.024|False|False
20160727|152718.882|0|0|1|86.939|-0.131|0.001|-20.461|-0.023|False|False
20160728|155097.762|0|0|1|87.415|-0.129|0.001|-20.615|-0.023|False|False
20160801|153591.138|0|0|1|87.662|-0.128|0.001|-20.766|-0.023|False|False
20160802|153353.25|0|0|1|84.112|-0.127|0.001|-20.916|-0.022|False|False
20160803|153353.25|0|0|1|72.631|-0.125|0.001|-21.063|-0.022|False|False
20160804|153353.25|0|0|1|75.205|-0.123|0.002|-21.209|-0.021|False|False
20160808|153353.25|0|0|1|76.525|-0.121|0.002|-21.351|-0.021|False|False
20160809|158745.378|0|0|1|73.898|-0.118|0.003|-21.491|-0.02|False|False
20160810|160410.594|0|0|1|71.732|-0.116|0.003|-21.628|-0.02|False|False
20160811|160444.578|0|0|1|66.599|-0.114|0.002|-21.761|-0.019|False|False
20160815|163503.138|0|0|1|75.801|-0.111|0.003|-21.892|-0.019|False|False
20160816|166131.234|0|0|1|84.136|-0.108|0.003|-22.018|-0.018|False|False
20160817|166051.938|0|0|1|84.368|-0.105|0.003|-22.141|-0.017|False|False
20160818|166051.938|0|0|1|79.734|-0.102|0.003|-22.259|-0.017|False|False
20160822|161905.89|0|0|1|72.466|-0.099|0.003|-22.374|-0.016|False|False
20160823|162868.77|0|0|1|66.511|-0.097|0.003|-22.485|-0.016|False|False
20160824|164058.21|0|0|1|67.472|-0.093|0.003|-22.592|-0.015|False|False
20160825|161588.706|0|0|1|66.476|-0.09|0.003|-22.694|-0.014|False|False
20160829|162075.81|0|0|1|74.051|-0.087|0.003|-22.792|-0.014|False|False
20160830|165089.058|0|0|1|72.519|-0.083|0.003|-22.885|-0.013|False|False
20160831|160410.594|0|0|1|52.329|-0.08|0.003|-22.974|-0.012|False|False
20160901|158586.786|0|0|1|47.511|-0.077|0.003|-23.058|-0.012|False|False
20160906|155177.058|0|0|1|41.617|-0.074|0.003|-23.138|-0.011|False|False
20160907|155890.722|0|0|1|40.719|-0.072|0.003|-23.214|-0.01|False|False
20160908|154701.282|0|0|1|32.043|-0.07|0.002|-23.287|-0.01|False|False
20160919|153636.45|0|0|1|16.016|-0.069|0.001|-23.356|-0.009|False|False
20160920|153636.45|0|0|1|19.004|-0.067|0.002|-23.422|-0.009|False|False
20160921|153636.45|0|0|1|19.911|-0.065|0.002|-23.482|-0.008|False|False
20160922|153987.618|0|0|1|28.069|-0.063|0.002|-23.537|-0.008|False|False
20160926|152718.882|0|0|1|33.397|-0.061|0.002|-23.589|-0.007|False|False
20160927|152718.882|0|0|1|30.122|-0.059|0.002|-23.636|-0.007|False|False
20160928|158111.01|0|0|1|30.876|-0.057|0.002|-23.681|-0.006|False|False
20160929|155097.762|0|0|1|25.02|-0.056|0.002|-23.721|-0.006|False|False
20161003|154180.194|0|0|1|20.896|-0.054|0.001|-23.759|-0.005|False|False
20161004|154180.194|0|0|1|29.667|-0.053|0.001|-23.793|-0.005|False|False
20161005|152231.778|0|0|1|32.697|-0.051|0.002|-23.825|-0.004|False|False
20161006|153749.73|0|0|1|35.576|-0.05|0.002|-23.853|-0.004|False|False
20161010|151518.114|0|0|1|40.455|-0.048|0.002|-23.88|-0.004|False|False
20161011|154066.914|0|0|1|45.443|-0.046|0.002|-23.904|-0.003|False|False
20161012|154225.506|0|0|1|66.139|-0.045|0.001|-23.926|-0.003|False|False
20161013|154225.506|0|0|1|59.744|-0.044|0.001|-23.946|-0.003|False|False
20161017|154225.506|0|0|1|62.063|-0.043|0.001|-23.963|-0.002|False|False
20161018|153749.73|0|0|1|55.815|-0.042|0.001|-23.979|-0.002|False|False
20161019|153749.73|0|0|1|44.759|-0.041|0.001|-23.992|-0.002|False|False
20161020|155573.538|0|0|1|46.729|-0.04|0.001|-24.003|-0.002|False|False
20161024|153115.362|0|0|1|44.639|-0.04|0|-24.013|-0.001|False|False
20161025|152877.474|0|0|1|47.016|-0.04|0|-24.02|-0.001|False|False
20161026|152877.474|0|0|1|55.999|-0.039|0|-24.026|-0.001|False|False
20161027|151518.114|0|0|1|47.702|-0.039|0|-24.029|-0.001|False|False
20161031|151518.114|0|0|1|31.962|-0.039|0|-24.032|-0|False|False
20161101|149059.938|0|0|1|36.279|-0.039|0|-24.033|-0|False|False
20161102|147949.794|0|0|1|24.345|-0.039|-0|-24.034|-0|False|False
20161103|147949.794|0|0|1|17.817|-0.039|-0|-24.034|-0|False|False
20161107|146601.762|0|0|1|19.436|-0.04|-0|-24.035|-0|False|False
20161108|146601.762|0|0|1|22.142|-0.04|-0|-24.035|-0|False|False
20161109|146601.762|0|0|1|17.815|-0.04|-0|-24.035|-0|False|False
20161110|144936.546|0|0|1|10.159|-0.041|-0.001|-24.035|0|False|False
20161114|142795.554|0|0|1|7.935|-0.042|-0.001|-24.035|0|False|False
20161115|142240.482|0|0|1|7.478|-0.044|-0.001|-24.036|-0|False|False
20161116|143429.922|0|0|1|13.943|-0.045|-0.001|-24.037|-0|False|False
20161117|143429.922|0|0|1|16.979|-0.047|-0.002|-24.039|-0|False|False
20161121|143033.442|0|0|1|18.454|-0.049|-0.002|-24.042|-0|False|False
20161122|141685.41|0|0|1|16.914|-0.051|-0.002|-24.047|-0|False|False
20161123|142557.666|0|0|1|21.301|-0.053|-0.002|-24.054|-0.001|False|False
20161128|141526.818|0|0|1|17.007|-0.055|-0.002|-24.061|-0.001|False|False
20161129|141526.818|0|0|1|18.856|-0.057|-0.002|-24.07|-0.001|False|False
20161130|141130.338|0|0|1|39.064|-0.059|-0.002|-24.081|-0.001|False|False
20161201|143645.154|0|0|1|47.054|-0.061|-0.002|-24.091|-0.001|False|False
20161205|144064.29|0|0|1|46.889|-0.063|-0.002|-24.103|-0.001|False|False
20161206|144064.29|0|0|1|50.178|-0.065|-0.002|-24.115|-0.001|False|False
20161207|145650.21|0|0|1|51.604|-0.066|-0.001|-24.127|-0.001|False|False
20161208|146284.578|0|0|1|71.107|-0.068|-0.001|-24.138|-0.001|False|False
20161212|146760.354|0|0|1|84.45|-0.068|-0.001|-24.148|-0.001|False|False
20161213|152152.482|0|0|1|84.566|-0.068|-0|-24.157|-0.001|False|False
20161214|148425.57|0|0|1|80.607|-0.068|0|-24.164|-0.001|False|False
20161215|147949.794|0|0|1|70.411|-0.068|0|-24.169|-0.001|False|False
20161219|152311.074|0|0|1|74.445|-0.067|0|-24.172|-0.001|False|False
20161220|153477.858|0|0|1|77.143|-0.067|0.001|-24.175|-0|False|False
20161221|153477.858|0|0|1|80.34|-0.066|0|-24.177|-0|False|False
20161222|151110.306|0|0|1|84.662|-0.066|0|-24.178|-0|False|False
20161227|152175.138|0|0|1|73.068|-0.066|0|-24.176|-0|False|False
20161228|152175.138|0|0|1|70.725|-0.066|0|-24.174|0|False|False
20161229|152231.778|0|0|1|72.908|-0.065|0|-24.169|0|False|False
20170103|153591.138|0|0|1|75.526|-0.064|0.001|-24.161|0.001|False|False
20170104|153591.138|0|0|1|76.986|-0.063|0.001|-24.15|0.001|False|False
20170105|157714.53|0|0|1|76.326|-0.062|0.001|-24.135|0.001|False|False
20170109|156581.73|0|0|1|68.655|-0.061|0.001|-24.117|0.002|False|False
20170110|155029.794|0|0|1|66.229|-0.06|0.001|-24.095|0.002|False|False
20170111|157238.754|0|0|1|69.217|-0.059|0.001|-24.069|0.003|False|False
20170112|157555.938|0|0|1|81.568|-0.058|0.001|-24.04|0.003|False|False
20170117|156762.978|0|0|1|84.908|-0.057|0.001|-24.006|0.004|False|False
20170118|156762.978|0|0|1|78.109|-0.056|0.001|-23.97|0.004|False|False
20170119|159447.714|0|0|1|79.702|-0.055|0.001|-23.93|0.005|False|False
20170123|157952.418|0|0|1|79.095|-0.053|0.001|-23.886|0.005|False|False
20170124|161996.514|0|0|1|92.683|-0.052|0.001|-23.84|0.005|False|False
20170125|159934.818|0|0|1|90.062|-0.05|0.001|-23.791|0.006|False|False
20170126|160387.938|0|0|1|83.792|-0.049|0.001|-23.738|0.006|False|False
20170130|157080.162|0|0|1|58.243|-0.048|0.001|-23.683|0.007|False|False
20170131|153987.618|0|0|1|45.225|-0.047|0.001|-23.625|0.007|False|False
20170201|154384.098|0|0|1|43.493|-0.046|0.001|-23.563|0.007|False|False
20170202|154304.802|0|0|1|43.012|-0.045|0.001|-23.497|0.008|False|False
20170206|155256.354|0|0|1|45.363|-0.043|0.001|-23.427|0.008|False|False
20170207|154939.17|0|0|1|44.034|-0.042|0.002|-23.352|0.009|False|False
20170208|154916.514|0|0|1|47.385|-0.04|0.002|-23.272|0.01|False|False
20170209|154916.514|0|0|1|32.839|-0.039|0.001|-23.187|0.01|False|False
20170213|156366.498|0|0|1|37.868|-0.037|0.001|-23.096|0.011|False|False
20170215|157952.418|0|0|1|37.849|-0.036|0.002|-23|0.012|False|False
20170216|157952.418|0|0|1|43.049|-0.034|0.002|-22.897|0.013|False|False
20170221|159379.746|0|0|1|43.463|-0.031|0.003|-22.787|0.013|False|False
20170222|159379.746|0|0|1|45.617|-0.029|0.002|-22.67|0.014|False|False
20170223|159379.746|0|0|1|46.531|-0.027|0.002|-22.547|0.015|False|False
20170227|161124.258|0|0|1|63.658|-0.024|0.002|-22.417|0.016|False|False
20170228|156445.794|0|0|1|56.68|-0.022|0.002|-22.282|0.017|False|False
20170301|160093.41|0|0|1|59.349|-0.02|0.002|-22.141|0.018|False|False
20170302|157159.458|0|0|1|58.98|-0.018|0.002|-21.996|0.019|False|False
20170306|157476.642|0|0|1|50.718|-0.016|0.002|-21.845|0.02|False|False
20170307|157476.642|0|0|1|42.217|-0.014|0.002|-21.69|0.02|False|False
20170308|152718.882|0|0|1|36.29|-0.013|0.001|-21.531|0.021|False|False
20170309|155573.538|0|0|1|42.944|-0.012|0.001|-21.369|0.022|False|False
20170313|155573.538|0|0|1|37.245|-0.011|0.001|-21.204|0.022|False|False
20170314|152152.482|0|0|1|32.58|-0.01|0.001|-21.036|0.023|False|False
20170315|152152.482|0|0|1|26.711|-0.009|0.001|-20.866|0.024|False|False
20170316|152152.482|0|0|1|23.663|-0.008|0|-20.695|0.024|False|False
20170320|156207.906|0|0|1|25.499|-0.008|0|-20.522|0.024|False|False
20170321|156207.906|0|0|1|31.129|-0.007|0.001|-20.348|0.025|False|False
20170322|154168.866|0|0|1|28.14|-0.007|0.001|-20.171|0.025|False|False
20170323|154168.866|0|0|1|37.816|-0.006|0.001|-19.993|0.026|False|False
20170327|153670.434|0|0|1|34.153|-0.006|0.001|-19.813|0.026|False|False
20170328|156207.906|0|0|1|37.328|-0.005|0.001|-19.633|0.027|False|False
20170329|153987.618|0|0|1|39.392|-0.005|0|-19.452|0.027|False|False
20170330|155018.466|0|0|1|48.336|-0.004|0.001|-19.27|0.027|False|False
20170403|153432.546|0|0|1|48.886|-0.003|0|-19.087|0.028|False|False
20170404|153591.138|0|0|1|44.778|-0.003|0|-18.903|0.028|False|False
20170405|156604.386|0|0|1|57.62|-0.003|0|-18.721|0.028|False|False
20170406|156604.386|0|0|1|60.802|-0.003|0|-18.539|0.029|False|False
20170410|157873.122|0|0|1|64.566|-0.003|0|-18.357|0.029|False|False
20170411|154146.21|0|0|1|53.802|-0.003|-0|-18.177|0.029|False|False
20170412|158190.306|0|0|1|55.901|-0.003|0|-17.998|0.029|False|False
20170413|158190.306|0|0|1|47.412|-0.003|0|-17.82|0.029|False|False
20170417|158269.602|0|0|1|45.639|-0.003|-0|-17.643|0.029|False|False
20170418|159062.562|0|0|1|41.414|-0.004|-0.001|-17.467|0.03|False|False
20170419|158915.298|0|0|1|39.927|-0.004|-0.001|-17.293|0.03|False|False
20170420|154859.874|0|0|1|33.787|-0.005|-0.001|-17.12|0.03|False|False
20170424|152469.666|0|0|1|31.781|-0.006|-0.001|-16.948|0.03|False|False
20170425|152469.666|0|0|1|33.325|-0.007|-0.001|-16.778|0.03|False|False
20170426|153987.618|0|0|1|40.124|-0.008|-0.001|-16.609|0.03|False|False
20170427|151835.298|0|0|1|30.38|-0.009|-0.001|-16.441|0.03|False|False
20170501|151359.522|0|0|1|25.05|-0.01|-0.001|-16.274|0.03|False|False
20170502|151359.522|0|0|1|21.797|-0.011|-0.001|-16.108|0.03|False|False
20170503|149377.122|0|0|1|18.076|-0.011|-0.001|-15.944|0.03|False|False
20170504|147156.834|0|0|1|19.389|-0.012|-0.001|-15.78|0.03|False|False
20170508|146284.578|0|0|1|9.259|-0.013|-0.001|-15.619|0.03|False|False
20170509|146284.578|0|0|1|11.396|-0.014|-0.001|-15.459|0.03|False|False
20170510|147949.794|0|0|1|27.599|-0.015|-0.001|-15.303|0.03|False|False
20170511|149456.418|0|0|1|37.312|-0.015|-0.001|-15.148|0.03|False|False
20170515|150532.578|0|0|1|39.606|-0.016|-0.001|-14.997|0.03|False|False
20170516|150532.578|0|0|1|42.815|-0.016|-0.001|-14.848|0.03|False|False
20170517|147949.794|0|0|1|49.401|-0.017|-0.001|-14.704|0.029|False|False
20170518|147949.794|0|0|1|46.528|-0.018|-0.001|-14.565|0.029|False|False
20170522|149694.306|0|0|1|45.356|-0.019|-0.001|-14.429|0.028|False|False
20170523|149535.714|0|0|1|52.521|-0.02|-0.001|-14.297|0.028|False|False
20170524|149535.714|0|0|1|48.282|-0.022|-0.001|-14.169|0.027|False|False
20170525|149852.898|0|0|1|55.818|-0.022|-0.001|-14.044|0.027|False|False
20170530|149796.258|0|0|1|59.888|-0.023|-0.001|-13.921|0.026|False|False
20170531|149796.258|0|0|1|47.336|-0.024|-0.001|-13.801|0.026|False|False
20170601|147655.266|0|0|1|56.816|-0.025|-0.001|-13.682|0.026|False|False
20170605|134220.258|0|0|1|25.746|-0.026|-0.002|-13.566|0.025|False|False
20170606|135647.586|0|0|1|16.325|-0.028|-0.002|-13.453|0.025|False|False
20170607|134582.754|0|0|1|7.864|-0.03|-0.002|-13.343|0.025|False|False
20170608|137709.282|0|0|1|22.91|-0.032|-0.001|-13.235|0.024|False|False
20170612|137550.69|0|0|1|21.217|-0.033|-0.002|-13.13|0.024|False|False
20170613|137471.394|0|0|1|19.853|-0.035|-0.002|-13.027|0.024|False|False
20170614|139215.906|0|0|1|24.537|-0.037|-0.002|-12.927|0.023|False|False
20170615|140733.858|0|0|1|26.037|-0.038|-0.002|-12.828|0.023|False|False
20170619|138978.018|0|0|1|23.744|-0.04|-0.002|-12.732|0.023|False|False
20170620|135466.338|0|0|1|22.624|-0.042|-0.002|-12.639|0.022|False|False
20170621|133891.746|0|0|1|21.311|-0.045|-0.002|-12.549|0.022|False|False
20170622|137131.554|0|0|1|29.213|-0.047|-0.002|-12.461|0.021|False|False
20170703|134469.474|0|0|1|30.039|-0.049|-0.002|-12.376|0.021|False|False
20170705|134469.474|0|0|1|28.831|-0.051|-0.002|-12.293|0.02|False|False
20170706|134220.258|0|0|1|41.547|-0.053|-0.002|-12.211|0.02|False|False
20170710|135296.418|0|0|1|47.987|-0.055|-0.002|-12.132|0.02|False|False
20170711|138264.354|0|0|1|52.136|-0.057|-0.002|-12.053|0.019|False|False
20170712|140654.562|0|0|1|51.421|-0.059|-0.002|-11.976|0.019|False|False
20170713|144947.874|0|0|1|60.528|-0.06|-0.001|-11.9|0.019|False|False
20170717|143350.626|0|0|1|60.751|-0.062|-0.001|-11.825|0.019|False|False
20170718|143792.418|0|0|1|56.65|-0.063|-0.001|-11.751|0.019|False|False
20170719|146760.354|0|0|1|57.772|-0.064|-0.001|-11.678|0.019|False|False
20170720|146601.762|0|0|1|66.606|-0.065|-0.001|-11.605|0.019|False|False
20170724|147995.106|0|0|1|74.315|-0.066|-0.001|-11.534|0.018|False|False
20170725|148493.538|0|0|1|84.474|-0.067|-0.001|-11.462|0.018|False|False
20170726|148493.538|0|0|1|79.351|-0.068|-0.001|-11.391|0.018|False|False
20170727|146431.842|0|0|1|86.033|-0.069|-0.001|-11.32|0.018|False|False
20170731|145276.386|0|0|1|73.376|-0.07|-0.001|-11.25|0.018|False|False
20170801|143622.498|0|0|1|67.399|-0.072|-0.001|-11.182|0.018|False|False
20170802|144698.658|0|0|1|66.779|-0.073|-0.001|-11.114|0.018|False|False
20170803|144868.578|0|0|1|66.854|-0.074|-0.001|-11.047|0.018|False|False
20170807|144449.442|0|0|1|53.467|-0.075|-0.001|-10.981|0.018|False|False
20170808|144698.658|0|0|1|43.468|-0.075|-0.001|-10.915|0.018|False|False
20170809|142965.474|0|0|1|41.635|-0.076|-0.001|-10.85|0.018|False|False
20170810|140915.106|0|0|1|40.481|-0.077|-0.001|-10.787|0.018|False|False
20170814|141889.314|0|0|1|28.873|-0.078|-0.001|-10.725|0.017|False|False
20170815|140405.346|0|0|1|22.899|-0.079|-0.001|-10.665|0.017|False|False
20170816|137765.922|0|0|1|16.363|-0.08|-0.001|-10.607|0.017|False|False
20170817|138264.354|0|0|1|22.763|-0.081|-0.001|-10.551|0.016|False|False
20170821|138683.49|0|0|1|22.019|-0.083|-0.001|-10.498|0.016|False|False
20170822|137108.898|0|0|1|22.536|-0.084|-0.001|-10.448|0.015|False|False
20170823|137108.898|0|0|1|26.839|-0.086|-0.002|-10.4|0.014|False|False
20170824|137346.786|0|0|1|26.676|-0.087|-0.002|-10.355|0.014|False|False
20170828|136089.378|0|0|1|21.049|-0.089|-0.002|-10.312|0.013|False|False
20170829|136281.954|0|0|1|14.954|-0.091|-0.002|-10.272|0.012|False|False
20170830|134220.258|0|0|1|14.899|-0.093|-0.002|-10.236|0.011|False|False
20170906|133642.53|0|0|1|9.812|-0.095|-0.002|-10.203|0.011|False|False
20170907|132124.578|0|0|1|10.514|-0.097|-0.002|-10.173|0.01|False|False
20170911|130425.378|0|0|1|9.572|-0.099|-0.002|-10.147|0.009|False|False
20170912|129609.762|0|0|1|9.467|-0.101|-0.002|-10.125|0.008|False|False
20170913|130187.49|0|0|1|9.614|-0.102|-0.001|-10.105|0.007|False|False
20170914|129609.762|0|0|1|10.769|-0.102|-0|-10.089|0.006|False|False
20170918|128941.41|0|0|1|0.019|-0.103|-0.001|-10.076|0.005|False|False
20170919|128862.114|0|0|1|1.333|-0.104|-0.001|-10.066|0.004|False|False
20170920|130470.69|0|0|1|8.096|-0.105|-0.001|-10.06|0.003|False|False
20170921|130516.002|0|0|1|9.571|-0.105|-0.001|-10.058|0.002|False|False
20170925|130425.378|0|0|1|20.232|-0.106|-0.001|-10.059|0.001|False|False
20170926|132906.21|0|0|1|30.491|-0.107|-0.001|-10.063|-0|False|False
20170927|131671.458|0|0|1|28.517|-0.107|-0.001|-10.071|-0.001|False|False
20170928|129983.586|0|0|1|27.172|-0.108|-0|-10.082|-0.002|False|False
20171002|129791.01|0|0|1|30.142|-0.108|-0|-10.096|-0.003|False|False
20171003|129269.922|0|0|1|29.894|-0.108|-0.001|-10.115|-0.004|False|False
20171004|127298.85|0|0|1|30.247|-0.109|-0.001|-10.137|-0.005|False|False
20171005|126970.338|0|0|1|31.557|-0.11|-0.001|-10.163|-0.007|False|False
20171009|127128.93|0|0|1|38.778|-0.111|-0.001|-10.194|-0.008|False|False
20171010|129190.626|0|0|1|42.031|-0.111|-0.001|-10.228|-0.009|False|False
20171011|128114.466|0|0|1|52.963|-0.112|-0.001|-10.265|-0.01|False|False
20171012|128363.682|0|0|1|52.85|-0.113|-0.001|-10.306|-0.011|False|False
20171016|126630.498|0|0|1|47.346|-0.115|-0.002|-10.351|-0.012|False|False
20171017|125644.962|0|0|1|43.212|-0.117|-0.002|-10.399|-0.013|False|False
20171018|124659.426|0|0|1|34.179|-0.118|-0.002|-10.451|-0.014|False|False
20171019|123911.778|0|0|1|27.266|-0.12|-0.002|-10.506|-0.015|False|False
20171023|123911.778|0|0|1|30.527|-0.123|-0.002|-10.566|-0.016|False|False
20171024|124081.698|0|0|1|35.094|-0.125|-0.002|-10.629|-0.017|False|False
20171025|123911.778|0|0|1|37.027|-0.127|-0.002|-10.698|-0.018|False|False
20171026|124568.802|0|0|1|38.306|-0.13|-0.002|-10.77|-0.019|False|False
20171030|124160.994|0|0|1|53.598|-0.132|-0.002|-10.846|-0.02|False|False
20171031|124818.018|0|0|1|52.68|-0.134|-0.002|-10.926|-0.021|False|False
20171101|124489.506|0|0|1|46.152|-0.136|-0.002|-11.009|-0.022|False|False
20171102|124897.314|0|0|1|39.814|-0.138|-0.002|-11.095|-0.023|False|False
20171106|122926.242|0|0|1|22.337|-0.14|-0.002|-11.185|-0.024|False|False
20171107|120286.818|0|0|1|18.482|-0.142|-0.002|-11.279|-0.025|False|False
20171108|118927.458|0|0|1|17.613|-0.145|-0.003|-11.377|-0.025|False|False
20171109|117670.05|0|0|1|23.288|-0.147|-0.002|-11.479|-0.026|False|False
20171113|114339.618|0|0|1|25.536|-0.149|-0.002|-11.585|-0.027|False|False
20171114|114260.322|0|0|1|24.084|-0.151|-0.002|-11.693|-0.028|False|False
20171115|112855.65|0|0|1|21.886|-0.154|-0.002|-11.806|-0.028|False|False
20171116|112119.33|0|0|1|29.413|-0.156|-0.002|-11.92|-0.029|False|False
20171120|110306.85|0|0|1|27.184|-0.158|-0.002|-12.038|-0.029|False|False
20171121|109638.498|0|0|1|25.356|-0.16|-0.002|-12.158|-0.03|False|False
20171122|110963.874|0|0|1|21.208|-0.162|-0.002|-12.28|-0.03|False|False
20171127|114679.458|0|0|1|21.232|-0.164|-0.002|-12.405|-0.031|False|False
20171128|114509.538|0|0|1|19.574|-0.166|-0.002|-12.532|-0.031|False|False
20171129|114418.914|0|0|1|25.422|-0.168|-0.002|-12.661|-0.031|False|False
20171130|114509.538|0|0|1|27.81|-0.17|-0.002|-12.792|-0.031|False|False
20171204|117556.77|0|0|1|49.975|-0.171|-0.001|-12.924|-0.031|False|False
20171205|119414.562|0|0|1|53.737|-0.172|-0.001|-13.057|-0.031|False|False
20171206|117896.61|0|0|1|44.783|-0.173|-0.001|-13.19|-0.031|False|False
20171207|117726.69|0|0|1|44.998|-0.174|-0.001|-13.325|-0.031|False|False
20171211|120615.33|0|0|1|52.547|-0.175|-0.001|-13.459|-0.031|False|False
20171212|120773.922|0|0|1|64.111|-0.175|-0|-13.593|-0.031|False|False
20171213|126200.034|0|0|1|67.759|-0.175|-0|-13.726|-0.03|False|False
20171214|126766.434|0|0|1|69.037|-0.175|0|-13.858|-0.03|False|False
20171219|131252.322|0|0|1|78.322|-0.174|0.001|-13.987|-0.029|False|False
20171220|131433.57|0|0|1|77.668|-0.174|0.001|-14.115|-0.028|False|False
20171221|133314.018|0|0|1|81.044|-0.173|0.001|-14.239|-0.028|False|False
20171226|132906.21|0|0|1|76.22|-0.173|0|-14.361|-0.027|False|False
20171227|132487.074|0|0|1|75.366|-0.173|-0|-14.481|-0.026|False|False
20171228|132407.778|0|0|1|79.559|-0.173|0|-14.599|-0.025|False|False
20180102|134718.69|0|0|1|77.568|-0.172|0.001|-14.714|-0.025|False|False
20180103|134967.906|0|0|1|77.939|-0.172|0.001|-14.826|-0.024|False|False
20180104|135047.202|0|0|1|86.097|-0.171|0.001|-14.936|-0.023|False|False
20180108|138762.786|0|0|1|90.784|-0.169|0.002|-15.042|-0.022|False|False
20180109|139012.002|0|0|1|89.946|-0.167|0.002|-15.144|-0.021|False|False
20180110|139419.81|0|0|1|89.442|-0.165|0.002|-15.243|-0.021|False|False
20180111|141356.898|0|0|1|88.687|-0.163|0.002|-15.339|-0.02|False|False
20180116|142093.218|0|0|1|89.027|-0.161|0.002|-15.432|-0.019|False|False
20180117|142308.45|0|0|1|83.597|-0.16|0.002|-15.523|-0.018|False|False
20180118|141481.506|0|0|1|84.508|-0.158|0.002|-15.613|-0.018|False|False
20180122|142806.882|0|0|1|82.946|-0.156|0.002|-15.701|-0.017|False|False
20180123|142568.994|0|0|1|96.051|-0.153|0.002|-15.787|-0.017|False|False
20180124|142965.474|0|0|1|96.596|-0.151|0.003|-15.871|-0.017|False|False
20180125|142886.178|0|0|1|96.852|-0.148|0.003|-15.952|-0.016|False|False
20180129|143214.69|0|0|1|95.513|-0.145|0.003|-16.031|-0.015|False|False
20180130|140326.05|0|0|1|85.239|-0.142|0.003|-16.107|-0.015|False|False
20180131|139782.306|0|0|1|75.56|-0.14|0.002|-16.181|-0.014|False|False
20180201|138592.866|0|0|1|64.82|-0.138|0.002|-16.253|-0.014|False|False
20180205|131003.106|0|0|1|42.66|-0.136|0.002|-16.325|-0.014|False|False
20180206|131671.458|0|0|1|34.298|-0.135|0.001|-16.396|-0.013|False|False
20180207|133563.234|0|0|1|41.212|-0.133|0.002|-16.467|-0.013|False|False
20180208|131003.106|0|0|1|39.639|-0.131|0.002|-16.536|-0.013|False|False
20180212|133064.802|0|0|1|44.094|-0.128|0.002|-16.604|-0.013|False|False
20180214|135296.418|0|0|1|45.295|-0.126|0.003|-16.671|-0.012|False|False
20180215|136701.09|0|0|1|43.904|-0.123|0.003|-16.735|-0.012|False|False
20180220|138105.762|0|0|1|44.906|-0.12|0.003|-16.798|-0.012|False|False
20180221|137108.898|0|0|1|41.723|-0.117|0.003|-16.86|-0.011|False|False
20180222|136044.066|0|0|1|36.733|-0.114|0.003|-16.919|-0.011|False|False
20180226|137482.722|0|0|1|34.369|-0.111|0.003|-16.977|-0.011|False|False
20180227|133506.594|0|0|1|35.805|-0.109|0.003|-17.034|-0.01|False|False
20180228|131501.538|0|0|1|32.297|-0.106|0.002|-17.09|-0.01|False|False
20180301|129847.65|0|0|1|35.382|-0.104|0.002|-17.146|-0.01|False|False
20180305|131093.73|0|0|1|37.533|-0.102|0.002|-17.2|-0.01|False|False
20180306|129519.138|0|0|1|41.93|-0.1|0.002|-17.253|-0.01|False|False
20180307|128114.466|0|0|1|28.448|-0.099|0.002|-17.306|-0.009|False|False
20180308|127298.85|0|0|1|26.711|-0.097|0.002|-17.358|-0.009|False|False
20180312|133642.53|0|0|1|39.3|-0.095|0.002|-17.41|-0.009|False|False
20180313|134548.77|0|0|1|41.816|-0.093|0.002|-17.461|-0.009|False|False
20180314|134639.394|0|0|1|41.333|-0.09|0.002|-17.511|-0.009|False|False
20180315|136610.466|0|0|1|42.29|-0.088|0.003|-17.56|-0.009|False|False
20180319|137528.034|0|0|1|43.052|-0.086|0.002|-17.608|-0.008|False|False
20180320|139714.338|0|0|1|46.543|-0.083|0.002|-17.655|-0.008|False|False
20180321|139669.026|0|0|1|46.522|-0.082|0.002|-17.703|-0.008|False|False
20180322|138185.058|0|0|1|46.946|-0.08|0.002|-17.752|-0.008|False|False
20180326|137278.818|0|0|1|51.906|-0.079|0.001|-17.803|-0.008|False|False
20180327|134548.77|0|0|1|48.779|-0.079|0.001|-17.855|-0.009|False|False
20180328|134378.85|0|0|1|53.685|-0.078|0|-17.909|-0.009|False|False
20180329|136916.322|0|0|1|55.403|-0.078|0.001|-17.964|-0.009|False|False
20180402|135874.146|0|0|1|62.468|-0.077|0.001|-18.021|-0.009|False|False
20180403|137777.25|0|0|1|64.973|-0.076|0.001|-18.079|-0.009|False|False
20180404|137437.41|0|0|1|52.146|-0.075|0.001|-18.138|-0.01|False|False
20180405|137799.906|0|0|1|49.552|-0.075|0.001|-18.199|-0.01|False|False
20180409|139261.218|0|0|1|58.641|-0.074|0.001|-18.259|-0.01|False|False
20180410|140745.186|0|0|1|57.579|-0.073|0|-18.321|-0.01|False|False
20180411|139340.514|0|0|1|56.153|-0.073|0|-18.383|-0.01|False|False
20180412|139499.106|0|0|1|47.108|-0.073|-0|-18.446|-0.01|False|False
20180416|139012.002|0|0|1|54.291|-0.073|-0|-18.51|-0.01|False|False
20180417|139646.37|0|0|1|57.24|-0.073|-0|-18.575|-0.01|False|False
20180418|140824.482|0|0|1|69.126|-0.073|-0|-18.641|-0.011|False|False
20180419|142059.234|0|0|1|74.624|-0.073|0|-18.707|-0.011|False|False
20180423|142716.258|0|0|1|82.891|-0.073|0|-18.773|-0.011|False|False
20180424|140246.754|0|0|1|76.827|-0.073|-0|-18.84|-0.011|False|False
20180425|141560.802|0|0|1|72.994|-0.074|-0|-18.908|-0.011|False|False
20180426|142636.962|0|0|1|71.76|-0.074|-0.001|-18.978|-0.011|False|False
20180430|141186.978|0|0|1|73.741|-0.075|-0|-19.048|-0.011|False|False
20180501|140326.05|0|0|1|62.815|-0.075|-0|-19.119|-0.011|False|False
20180502|139419.81|0|0|1|51.065|-0.075|-0|-19.191|-0.011|False|False
20180503|135624.93|0|0|1|38.261|-0.076|-0.001|-19.264|-0.011|False|False
20180507|138592.866|0|0|1|48.475|-0.076|0|-19.336|-0.011|False|False
20180508|137777.25|0|0|1|47.688|-0.075|0.001|-19.408|-0.011|False|False
20180509|136542.498|0|0|1|43.765|-0.075|0|-19.48|-0.011|False|False
20180510|137029.602|0|0|1|40.75|-0.075|-0|-19.552|-0.011|False|False
20180514|138185.058|0|0|1|45.031|-0.075|0|-19.624|-0.011|False|False
20180515|137607.33|0|0|1|37.341|-0.075|-0|-19.696|-0.011|False|False
20180516|137981.154|0|0|1|40.367|-0.075|0|-19.768|-0.011|False|False
20180517|137562.018|0|0|1|40.624|-0.075|-0|-19.84|-0.011|False|False
20180521|138105.762|0|0|1|42.471|-0.075|-0|-19.911|-0.011|False|False
20180522|138796.77|0|0|1|45.804|-0.075|-0|-19.981|-0.011|False|False
20180523|139091.298|0|0|1|44.963|-0.075|0|-20.05|-0.011|False|False
20180524|138015.138|0|0|1|51.639|-0.075|0|-20.118|-0.01|False|False
20180529|141402.21|0|0|1|58.008|-0.073|0.001|-20.183|-0.01|False|False
20180530|138592.866|0|0|1|54.814|-0.073|0.001|-20.246|-0.01|False|False
20180531|144290.85|0|0|1|44.838|-0.072|0.001|-20.308|-0.009|False|False
20180604|145197.09|0|0|1|61.001|-0.07|0.002|-20.367|-0.009|False|False
20180605|146182.626|0|0|1|69.13|-0.068|0.002|-20.424|-0.009|False|False
20180606|146182.626|0|0|1|73.819|-0.066|0.002|-20.478|-0.008|False|False
20180607|145854.114|0|0|1|63.816|-0.064|0.001|-20.529|-0.008|False|False
20180611|145570.914|0|0|1|62.329|-0.063|0.001|-20.578|-0.008|False|False
20180612|143962.338|0|0|1|59.11|-0.062|0.001|-20.626|-0.007|False|False
20180613|147666.594|0|0|1|58.04|-0.061|0.001|-20.672|-0.007|False|False
20180614|143293.986|0|0|1|56.755|-0.061|0.001|-20.717|-0.007|False|False
20180620|140190.114|0|0|1|45.741|-0.061|0|-20.761|-0.007|False|False
20180621|139748.322|0|0|1|47.115|-0.06|0|-20.804|-0.006|False|False
20180625|140360.034|0|0|1|45.698|-0.059|0.001|-20.845|-0.006|False|False
20180626|138026.466|0|0|1|40.905|-0.059|0.001|-20.885|-0.006|False|False
20180627|138706.146|0|0|1|50.591|-0.058|0.001|-20.922|-0.006|False|False
20180628|140008.866|0|0|1|56.219|-0.056|0.001|-20.957|-0.005|False|False
20180702|143033.442|0|0|1|51.202|-0.055|0.002|-20.989|-0.005|False|False
20180703|142602.978|0|0|1|43.111|-0.053|0.001|-21.02|-0.005|False|False
20180705|142602.978|0|0|1|46.402|-0.052|0.001|-21.047|-0.004|False|False
20180709|143894.37|0|0|1|51.317|-0.05|0.002|-21.073|-0.004|False|False
20180710|144494.754|0|0|1|60.09|-0.049|0.002|-21.095|-0.004|False|False
20180711|145276.386|0|0|1|60.188|-0.048|0.001|-21.115|-0.003|False|False
20180712|144234.21|0|0|1|63.12|-0.047|0.001|-21.131|-0.003|False|False
20180716|144619.362|0|0|1|66.902|-0.045|0.001|-21.144|-0.002|False|False
20180717|145355.682|0|0|1|85.245|-0.044|0.001|-21.155|-0.002|False|False
20180718|146216.61|0|0|1|84.253|-0.042|0.001|-21.162|-0.001|False|False
20180719|146171.298|0|0|1|81.037|-0.041|0.001|-21.167|-0.001|False|False
20180723|146046.69|0|0|1|85.882|-0.04|0.001|-21.169|-0.001|False|False
20180724|148629.474|0|0|1|88.222|-0.039|0.001|-21.167|-0|False|False
20180725|147859.17|0|0|1|86.344|-0.037|0.001|-21.162|0|False|False
20180726|148459.554|0|0|1|83.306|-0.036|0.002|-21.153|0.001|False|False
20180730|149320.482|0|0|1|83.258|-0.034|0.002|-21.141|0.001|False|False
20180731|153092.706|0|0|1|85.387|-0.032|0.002|-21.124|0.002|False|False
20180801|156910.242|0|0|1|87.65|-0.03|0.002|-21.103|0.002|False|False
20180802|157034.85|0|0|1|85.748|-0.028|0.002|-21.077|0.003|False|False
20180806|157431.33|0|0|1|85|-0.025|0.002|-21.047|0.004|False|False
20180807|158292.258|0|0|1|89.472|-0.022|0.003|-21.013|0.004|False|False
20180808|156275.874|0|0|1|86.159|-0.02|0.002|-20.974|0.005|False|False
20180809|156219.234|0|0|1|77.804|-0.017|0.003|-20.931|0.006|False|False
20180813|150102.114|0|0|1|54.884|-0.015|0.002|-20.885|0.006|False|False
20180814|151076.322|0|0|1|59.317|-0.013|0.002|-20.835|0.007|False|False
20180815|150430.626|0|0|1|56.533|-0.011|0.002|-20.783|0.007|False|False
20180816|148187.682|0|0|1|42.669|-0.01|0.001|-20.727|0.008|False|False
20180827|153455.202|0|0|1|56.242|-0.008|0.002|-20.669|0.008|False|False
20180828|152684.898|0|0|1|58.014|-0.006|0.002|-20.607|0.008|False|False
20180829|153455.202|0|0|1|55.961|-0.004|0.002|-20.543|0.009|False|False
20180830|153806.37|0|0|1|52.161|-0.002|0.002|-20.475|0.009|False|False
20180904|154497.378|0|0|1|44.14|0|0.002|-20.405|0.01|False|False
20180905|153545.826|0|0|1|44.367|0.002|0.002|-20.331|0.01|False|False
20180906|152345.058|0|0|1|45.892|0.004|0.002|-20.255|0.011|False|False
20180910|151234.914|0|0|1|46.797|0.006|0.002|-20.175|0.011|False|False
20180911|153477.858|0|0|1|48.868|0.008|0.002|-20.092|0.012|False|False
20180912|154327.458|0|0|1|53.883|0.01|0.002|-20.007|0.012|False|False
20180913|155947.362|0|0|1|72.548|0.012|0.002|-19.919|0.013|False|False
20180917|150181.41|0|0|1|58.519|0.013|0.001|-19.829|0.013|False|False
20180918|150181.41|0|0|1|60.495|0.014|0.001|-19.736|0.014|False|False
20180919|152684.898|0|0|1|68.321|0.016|0.001|-19.642|0.014|False|False
20180920|152084.514|0|0|1|47.25|0.017|0.001|-19.545|0.014|False|False
20180924|151472.802|0|0|1|40.087|0.019|0.002|-19.445|0.015|False|False
20180925|152084.514|0|0|1|40.375|0.02|0.002|-19.342|0.015|False|False
20180926|154452.066|0|0|1|36.807|0.022|0.002|-19.235|0.016|False|False
20180927|153636.45|0|0|1|46.951|0.024|0.002|-19.125|0.016|False|False
20181001|154236.834|0|0|1|46.565|0.026|0.002|-19.011|0.017|False|False
20181002|153024.738|0|0|1|49.196|0.029|0.002|-18.893|0.018|False|False
20181003|152684.898|0|0|1|49.988|0.031|0.002|-18.771|0.018|False|False
20181004|152345.058|0|0|1|47.571|0.033|0.002|-18.646|0.019|False|False
20181008|152594.274|0|0|1|36.079|0.034|0.002|-18.516|0.02|False|False
20181009|152684.898|0|0|1|34.871|0.036|0.002|-18.383|0.021|False|False
20181010|152084.514|0|0|1|62.292|0.038|0.002|-18.247|0.021|False|False
20181011|151404.834|0|0|1|53.019|0.039|0.001|-18.107|0.022|False|False
20181015|151223.586|0|0|1|52.248|0.04|0.001|-17.965|0.023|False|False
20181016|154406.754|0|0|1|66.64|0.041|0.001|-17.821|0.023|False|False
20181017|156740.322|0|0|1|73.97|0.043|0.002|-17.676|0.024|False|False
20181018|154927.842|0|0|1|76.48|0.045|0.002|-17.527|0.024|False|False
20181022|158462.178|0|0|1|78.086|0.046|0.002|-17.376|0.025|False|False
20181023|156389.154|0|0|1|75.891|0.048|0.002|-17.223|0.026|False|False
20181024|155267.682|0|0|1|67.558|0.049|0.001|-17.068|0.026|False|False
20181025|160014.114|0|0|1|66.715|0.051|0.001|-16.911|0.027|False|False
20181029|158371.554|0|0|1|65.548|0.052|0.001|-16.752|0.027|False|False
20181030|157420.002|0|0|1|63.217|0.053|0.001|-16.591|0.028|False|False
20181031|160093.41|0|0|1|73.092|0.054|0.001|-16.429|0.028|False|False
20181101|159323.106|0|0|1|71.163|0.055|0.001|-16.266|0.029|False|False
20181105|161135.586|0|0|1|72.563|0.057|0.001|-16.1|0.03|False|False
20181106|161905.89|0|0|1|74.017|0.057|0.001|-15.933|0.03|False|False
20181107|159583.65|0|0|1|67.879|0.058|0|-15.765|0.031|False|False
20181108|162948.066|0|0|1|65.464|0.058|0.001|-15.596|0.031|False|False
20181112|162166.434|0|0|1|62.759|0.059|0.001|-15.425|0.032|False|False
20181113|161996.514|0|0|1|55.661|0.06|0.001|-15.252|0.033|False|False
20181114|160274.658|0|0|1|46.599|0.06|0.001|-15.077|0.033|False|False
20181115|163480.482|0|0|1|47.759|0.062|0.001|-14.898|0.034|False|False
20181119|162948.066|0|0|1|60.362|0.063|0.002|-14.717|0.035|False|False
20181120|160184.034|0|0|1|54.361|0.065|0.001|-14.532|0.036|False|False
20181121|161645.346|0|0|1|53.886|0.066|0.002|-14.343|0.037|False|False
20181126|163197.282|0|0|1|57.225|0.068|0.001|-14.15|0.039|False|False
20181127|165870.69|0|0|1|52.28|0.069|0.001|-13.954|0.04|False|False
20181128|166301.154|0|0|1|52.016|0.07|0.001|-13.755|0.041|False|False
20181129|168283.554|0|0|1|45.596|0.071|0.001|-13.552|0.042|False|False
20181203|164794.53|0|0|1|53.477|0.072|0.001|-13.346|0.044|False|False
20181204|164318.754|0|0|1|65.973|0.074|0.002|-13.137|0.045|False|False
20181206|168634.722|0|0|1|61.681|0.075|0.002|-12.924|0.046|False|False
20181210|166131.234|0|0|1|57.175|0.077|0.001|-12.708|0.048|False|False
20181211|167683.17|0|0|1|58.775|0.078|0.001|-12.488|0.049|False|False
20181212|165530.85|0|0|1|63.21|0.079|0.001|-12.265|0.051|False|False
20181213|167513.25|0|0|1|63.517|0.08|0.001|-12.038|0.053|False|False
20181217|165961.314|0|0|1|56.099|0.081|0.001|-11.808|0.054|False|False
20181219|164567.97|0|0|1|68.387|0.083|0.001|-11.574|0.056|False|False
20181220|163435.17|0|0|1|58.8|0.084|0.001|-11.336|0.058|False|False
20181224|161622.69|0|0|1|50.826|0.085|0.001|-11.095|0.06|False|False
20181226|163537.122|0|0|1|41.757|0.087|0.001|-10.85|0.063|False|False
20181227|162053.154|0|0|1|47.516|0.088|0.001|-10.602|0.065|False|False
20181231|160410.594|0|0|1|46.004|0.089|0.001|-10.351|0.067|False|False
20190102|158802.018|0|0|1|38.627|0.091|0.001|-10.096|0.07|False|False
20190103|159628.962|0|0|1|31.164|0.092|0.001|-9.838|0.072|False|False
20190107|166482.402|0|0|1|43.567|0.094|0.002|-9.577|0.075|False|False
20190108|165870.69|0|0|1|43.959|0.095|0.001|-9.312|0.078|False|False
20190109|168566.754|0|0|1|53.291|0.097|0.001|-9.045|0.081|False|False
20190110|169167.138|0|0|1|62.771|0.098|0.002|-8.775|0.084|False|False
20190114|169778.85|0|0|1|62.376|0.1|0.002|-8.502|0.087|False|False
20190115|169382.37|0|0|1|64.746|0.102|0.002|-8.226|0.091|False|False
20190116|167785.122|0|0|1|64.381|0.104|0.002|-7.948|0.094|False|False
20190117|172293.666|0|0|1|71.696|0.106|0.002|-7.667|0.098|False|False
20190122|166482.402|0|0|1|67.372|0.107|0.001|-7.385|0.102|False|False
20190123|169167.138|0|0|1|76.291|0.108|0.001|-7.102|0.106|False|False
20190124|170118.69|0|0|1|76.214|0.109|0.001|-6.818|0.111|False|False
20190128|166742.946|0|0|1|75.156|0.11|0.001|-6.534|0.115|False|False
20190129|165349.602|0|0|1|77.446|0.111|0.001|-6.25|0.12|False|False
20190130|168215.586|0|0|1|74.984|0.112|0.001|-5.965|0.125|False|False
20190131|168736.674|0|0|1|68.98|0.113|0.001|-5.678|0.131|False|False
20190204|168306.21|0|0|1|73.674|0.115|0.001|-5.391|0.138|False|False
20190205|167264.034|0|0|1|67.894|0.116|0.001|-5.102|0.145|False|False
20190206|165440.226|0|0|1|53.124|0.117|0.001|-4.814|0.152|False|False
20190207|162925.41|0|0|1|35.585|0.117|0.001|-4.526|0.16|False|False
20190211|161112.93|0|0|1|16.549|0.117|-0|-4.24|0.169|False|False
20190213|159889.506|0|0|1|14.084|0.117|-0|-3.956|0.178|False|False
20190214|154939.17|0|0|1|8.606|0.116|-0|-3.674|0.188|False|False
20190219|154508.706|0|0|1|13.374|0.116|-0.001|-3.395|0.199|False|False
20190220|156593.058|0|0|1|21.966|0.115|-0.001|-3.119|0.212|False|False
20190221|157805.154|0|0|1|25.72|0.115|-0|-2.844|0.226|False|False
20190225|157805.154|0|0|1|28.275|0.115|0|-2.571|0.243|False|False
20190226|159980.13|0|0|1|29.018|0.115|0|-2.301|0.262|False|False
20190227|159628.962|0|0|1|26.258|0.115|-0.001|-2.033|0.285|False|False
20190228|159198.498|0|0|1|25.693|0.114|-0|-1.768|0.313|False|False
20190304|158326.242|0|0|1|25.649|0.114|-0|-1.506|0.345|False|False
20190305|157023.522|0|0|1|23.828|0.114|-0.001|-1.247|0.386|False|False
20190306|155199.714|0|0|1|22.263|0.113|-0.001|-0.992|0.439|False|False
20190307|153296.61|0|0|1|23.497|0.112|-0.001|-0.741|0.5|False|False
20190311|155290.338|0|0|1|26.744|0.111|-0.001|-0.492|0.5|False|False
20190312|155550.882|0|0|1|31.146|0.109|-0.001|-0.247|0.5|False|False
20190313|154859.874|0|0|1|39.607|0.108|-0.002|-0.004|0.5|False|False
20190314|154418.082|0|0|1|49.434|0.107|-0.001|0.235|0.5|False|False
20190318|158065.698|0|0|1|44.406|0.105|-0.001|0.471|0.5|False|False
20190319|156332.514|0|0|1|36.071|0.105|-0.001|0.704|0.5|False|False
20190320|157374.69|0|0|1|34.878|0.104|-0.001|0.933|0.5|False|False
20190321|158326.242|0|0|1|31.571|0.103|-0.001|1.159|0.5|False|False
20190325|158235.618|0|0|1|36.735|0.102|-0.001|1.381|0.5|False|False
20190326|158586.786|0|0|1|37.308|0.101|-0.001|1.599|0.5|False|False
20190327|158937.954|0|0|1|49.239|0.1|-0.001|1.813|0.5|False|False
20190328|158677.41|0|0|1|58.574|0.1|-0|2.024|0.466|False|False
20190401|160648.482|0|0|1|70.11|0.1|-0|2.233|0.397|False|False
20190402|160410.594|0|0|1|84.077|0.1|-0|2.439|0.345|False|False
20190403|159413.73|0|0|1|83.717|0.099|-0|2.642|0.305|False|False
20190404|160150.05|0|0|1|83.881|0.099|-0|2.844|0.274|False|False
20190408|161713.314|0|0|1|85.324|0.099|-0|3.043|0.248|False|False
20190409|160750.434|0|0|1|77.001|0.098|-0.001|3.24|0.226|False|False
20190410|161713.314|0|0|1|77.786|0.098|-0|3.434|0.208|False|False
20190411|162234.402|0|0|1|81.368|0.097|-0.001|3.627|0.192|False|False
20190415|162834.786|0|0|1|74.51|0.096|-0.001|3.815|0.178|False|False
20190416|162494.946|0|0|1|79.709|0.095|-0.001|4.001|0.165|False|False
20190417|162925.41|0|0|1|82.177|0.094|-0.001|4.183|0.153|False|False
20190418|164386.722|0|0|1|85.302|0.093|-0.001|4.362|0.143|False|False
20190422|165451.554|0|0|1|81.648|0.092|-0.001|4.537|0.134|False|False
20190423|165530.85|0|0|1|76.467|0.091|-0.001|4.71|0.126|False|False
20190424|165610.146|0|0|1|79.503|0.091|-0.001|4.881|0.119|False|False
20190425|165610.146|0|0|1|76.417|0.09|-0.001|5.051|0.113|False|False
20190429|164398.05|0|0|1|68.878|0.089|-0.001|5.218|0.108|False|False
20190430|164398.05|0|0|1|68.216|0.088|-0.001|5.385|0.103|False|False
20190501|163707.042|0|0|1|67.35|0.088|-0.001|5.55|0.099|False|False
20190502|165700.77|0|0|1|72.963|0.087|-0.001|5.714|0.095|False|False
20190506|163265.25|0|0|1|54.093|0.086|-0.001|5.876|0.091|False|False
20190507|160195.362|0|0|1|49.474|0.085|-0.001|6.037|0.088|False|False
20190508|158609.442|0|0|1|44.23|0.084|-0.001|6.195|0.084|False|False
20190509|156932.898|0|0|1|37.265|0.083|-0.001|6.352|0.081|False|False
20190513|149218.53|0|0|1|25.236|0.082|-0.001|6.507|0.078|False|False
20190514|151744.674|0|0|1|26.424|0.081|-0.001|6.661|0.075|False|False
20190515|152345.058|0|0|1|27.193|0.081|-0|6.815|0.073|False|False
20190516|151472.802|0|0|1|28.117|0.08|-0|6.968|0.071|False|False
20190520|152514.978|0|0|1|24.985|0.08|-0.001|7.121|0.069|False|False
20190521|150861.09|0|0|1|21.331|0.078|-0.001|7.273|0.067|False|False
20190522|150090.786|0|0|1|26.372|0.077|-0.001|7.424|0.065|False|False
20190523|148606.818|0|0|1|24.837|0.076|-0.001|7.573|0.063|False|False
20190528|151903.266|0|0|1|32.323|0.075|-0.001|7.721|0.062|False|False
20190529|155380.962|0|0|1|30.151|0.075|-0.001|7.87|0.06|False|False
20190530|158416.866|0|0|1|49.234|0.075|0|8.018|0.059|False|False
20190603|159277.794|0|0|1|52.216|0.075|0|8.168|0.058|False|False
20190610|159017.25|0|0|1|61.907|0.076|0.001|8.319|0.057|False|False
20190611|160931.682|0|0|1|67.619|0.077|0.001|8.471|0.056|False|False
20190612|160897.698|0|0|1|83.107|0.078|0.001|8.625|0.056|False|False
20190613|158586.786|0|0|1|76.007|0.079|0.001|8.78|0.055|False|False
20190617|158632.098|0|0|1|68.27|0.08|0.001|8.935|0.055|False|False
20190618|161226.21|0|0|1|68.757|0.081|0|9.091|0.054|False|False
20190619|159527.01|0|0|1|70|0.081|0.001|9.247|0.053|False|False
20190620|161769.954|0|0|1|82.81|0.083|0.001|9.405|0.053|False|True
20190624|160059.426|0|0|1|72.908|0.083|0.001|9.563|0.052|False|True
20190625|159527.01|0|0|1|71.694|0.084|0.001|9.722|0.051|False|True
20190626|160240.674|0|0|1|67.021|0.085|0.001|9.881|0.051|False|True
20190627|160603.17|0|0|1|66.853|0.085|0.001|10.042|0.05|False|True
20190701|162223.074|0|0|1|61.084|0.086|0.001|10.203|0.05|False|True
20190702|161271.522|0|0|1|60.224|0.087|0.001|10.365|0.049|False|True
20190703|163831.65|0|0|1|53.974|0.087|0.001|10.527|0.048|False|True
20190708|160875.042|0|0|1|43.918|0.088|0|10.688|0.047|False|True
20190709|160965.666|0|0|1|44.87|0.088|0|10.849|0.047|False|True
20190710|164012.898|0|0|1|51.567|0.088|0|11.009|0.046|False|True
20190711|162392.994|0|0|1|60.497|0.089|0|11.168|0.045|False|True
20190715|162846.114|0|0|1|58.344|0.089|0|11.325|0.044|False|True
20190716|160693.794|0|0|1|54.827|0.09|0|11.48|0.043|False|True
20190717|161498.082|0|0|1|45.307|0.09|0|11.634|0.042|False|True
20190718|160897.698|0|0|1|49.846|0.09|0|11.788|0.041|False|True
20190722|160240.674|0|0|1|56.436|0.091|0|11.941|0.04|False|True
20190723|161135.586|0|0|1|56.697|0.091|0|12.093|0.039|False|True
20190724|161135.586|0|0|1|57.319|0.091|0|12.244|0.039|False|True
20190725|160693.794|0|0|1|55.194|0.091|0|12.395|0.038|False|True
20190729|162472.29|0|0|1|51.762|0.091|0|12.546|0.037|False|True
20190730|161226.21|0|0|1|49.906|0.091|-0|12.696|0.037|False|True
20190731|158360.226|0|0|1|54.907|0.09|-0|12.845|0.036|False|True
20190801|157952.418|0|0|1|42.471|0.09|-0|12.992|0.036|False|True
20190805|151540.77|0|0|1|21.655|0.089|-0.001|13.137|0.035|False|True
20190806|150997.026|0|0|1|14.885|0.087|-0.002|13.279|0.034|False|True
20190807|152254.434|0|0|1|23.03|0.086|-0.002|13.418|0.033|False|True
20190808|151540.77|0|0|1|21.641|0.084|-0.001|13.554|0.032|False|True
20190814|146329.89|0|0|1|18.683|0.083|-0.001|13.688|0.031|False|True
20190815|146239.266|0|0|1|19.417|0.082|-0.001|13.818|0.03|False|True
20190819|149003.298|0|0|1|26.798|0.081|-0.001|13.947|0.029|False|True
20190820|150815.778|0|0|1|31.257|0.081|-0|14.074|0.028|False|True
20190821|150997.026|0|0|1|29.283|0.081|-0|14.2|0.028|False|True
20190822|151801.314|0|0|1|27.496|0.08|-0|14.324|0.027|False|True
20190826|150192.738|0|0|1|25.824|0.08|-0.001|14.446|0.026|False|True
20190827|152254.434|0|0|1|35.385|0.079|-0|14.566|0.026|False|True
20190828|152968.098|0|0|1|36.928|0.08|0|14.686|0.025|False|True
20190829|155222.37|0|0|1|45.74|0.08|0|14.804|0.025|False|True
20190903|155211.042|0|0|1|62.27|0.081|0.001|14.922|0.024|False|True
20190904|156468.45|0|0|1|68.679|0.081|0|15.038|0.024|False|True
20190905|156366.498|0|0|1|63.58|0.081|0|15.153|0.024|False|True
20190909|157374.69|0|0|1|68.241|0.08|-0|15.266|0.023|False|True
20190910|158178.978|0|0|1|78.994|0.08|-0|15.376|0.022|False|True
20190911|159617.634|0|0|1|83.946|0.079|-0.001|15.483|0.022|False|True
20190912|160784.418|0|0|1|80.783|0.078|-0.001|15.586|0.021|False|True
20190916|161701.986|0|0|1|80.055|0.077|-0.001|15.686|0.02|False|True
20190917|160512.546|0|0|1|78.306|0.077|-0.001|15.783|0.019|False|True
20190918|159481.698|0|0|1|78.856|0.076|-0|15.876|0.019|False|True
20190919|159798.882|0|0|1|87.23|0.076|-0|15.968|0.018|False|True
20190923|159164.514|0|0|1|68.927|0.075|-0.001|16.056|0.017|False|True
20190924|156830.946|0|0|1|65.926|0.073|-0.001|16.141|0.017|False|True
20190925|158802.018|0|0|1|62.464|0.073|-0.001|16.223|0.016|False|True
20190926|158043.042|0|0|1|57.605|0.072|-0.001|16.303|0.015|False|True
20190930|157635.234|0|0|1|54.29|0.071|-0.001|16.38|0.015|False|True
20191001|158326.242|0|0|1|60.517|0.071|-0.001|16.455|0.014|False|True
20191002|157374.69|0|0|1|52.881|0.07|-0.001|16.526|0.014|False|True
20191003|157918.434|0|0|1|46.24|0.068|-0.001|16.595|0.013|False|True
20191007|157907.106|0|0|1|39.334|0.067|-0.001|16.66|0.012|False|True
20191008|157907.106|0|0|1|38.246|0.066|-0.001|16.722|0.012|False|True
20191009|156377.826|0|0|1|31.123|0.065|-0.001|16.781|0.011|False|True
20191010|158632.098|0|0|1|35.18|0.064|-0.001|16.837|0.011|False|True
20191014|160240.674|0|0|1|42.707|0.063|-0.001|16.889|0.01|False|True
20191015|160875.042|0|0|1|45.599|0.061|-0.001|16.939|0.009|False|True
20191016|160784.418|0|0|1|54.578|0.06|-0.001|16.986|0.009|False|True
20191017|160467.234|0|0|1|57.349|0.059|-0.001|17.031|0.008|False|True
20191021|161588.706|0|0|1|46.598|0.058|-0.001|17.074|0.008|False|True
20191022|161135.586|0|0|1|46.639|0.057|-0.001|17.114|0.008|False|True
20191023|160739.106|0|0|1|48.997|0.056|-0.001|17.152|0.007|False|True
20191024|160875.042|0|0|1|45.083|0.055|-0.001|17.187|0.007|False|True
20191028|159255.138|0|0|1|39.541|0.054|-0.002|17.218|0.006|False|True
20191029|158711.394|0|0|1|42.63|0.052|-0.001|17.246|0.005|False|True
20191030|159345.762|0|0|1|48.84|0.051|-0.001|17.27|0.005|False|True
20191031|157725.858|0|0|1|44.316|0.05|-0.001|17.291|0.004|False|True
20191104|157997.73|0|0|1|50.256|0.048|-0.001|17.309|0.004|False|True
20191105|159617.634|0|0|1|55.151|0.049|0|17.325|0.003|False|True
20191106|157997.73|0|0|1|39.789|0.049|0|17.339|0.003|False|True
20191107|160150.05|0|0|1|36.231|0.049|0|17.352|0.002|False|True
20191111|160603.17|0|0|1|38.955|0.049|0|17.364|0.002|False|True
20191112|158178.978|0|0|1|34.768|0.05|0|17.374|0.002|False|True
20191113|158360.226|0|0|1|41.252|0.05|0.001|17.385|0.002|False|True
20191114|160421.922|0|0|1|49.135|0.051|0|17.394|0.002|False|True
20191118|160376.61|0|0|1|46.343|0.051|0|17.402|0.002|False|True
20191119|158394.21|0|0|1|47.698|0.051|0|17.408|0.001|False|True
20191120|160965.666|0|0|1|58.655|0.051|0|17.413|0.001|False|True
20191121|160512.546|0|0|1|53.192|0.051|0|17.416|0.001|False|True
20191125|161192.226|0|0|1|51.916|0.051|-0|17.419|0.001|False|True
20191126|158983.266|0|0|1|50.126|0.051|-0|17.419|0|False|True
20191127|159255.138|0|0|1|48.008|0.051|-0.001|17.418|0|False|False
20191202|158133.666|0|0|1|40.655|0.05|-0.001|17.415|-0|False|False
20191203|157544.61|0|0|1|42.198|0.049|-0.001|17.41|-0.001|False|False
20191204|160637.154|0|0|1|49.828|0.049|-0|17.403|-0.001|False|False
20191205|161679.33|0|0|1|53.544|0.048|-0|17.395|-0.001|False|False
20191209|161226.21|0|0|1|53.295|0.048|-0.001|17.386|-0.001|False|False
20191210|160240.674|0|0|1|52.613|0.047|-0.001|17.375|-0.002|False|False
20191211|163741.026|0|0|1|48.291|0.046|-0.001|17.363|-0.002|False|False
20191212|161769.954|0|0|1|47.216|0.045|-0.001|17.349|-0.002|False|False
20191216|158711.394|0|0|1|41.601|0.044|-0.001|17.333|-0.002|False|False
20191217|159708.258|0|0|1|50.225|0.044|-0.001|17.317|-0.003|False|False
20191223|160875.042|0|0|1|63.416|0.043|-0|17.298|-0.003|False|False
20191224|160161.378|0|0|1|56.158|0.043|-0|17.278|-0.003|False|False
20191226|159878.178|0|0|1|63.871|0.043|-0|17.256|-0.004|False|False
20191230|201689.826|||0|66.326|0.042|-0|17.232|-0.004|True|False
20191231|201689.826|||0|64.036|0.042|-0|17.206|-0.004|True|False
20200102|201689.826|||0|67.151|0.042|-0|17.18|-0.004|True|False
20200106|201689.826|||0|57.036|0.042|-0|17.152|-0.005|True|False
20200107|201689.826|||0|51.29|0.041|-0|17.122|-0.005|True|False
20200108|201689.826|||0|53.465|0.041|-0|17.091|-0.005|False|False
20200109|201689.826|||0|56.796|0.041|0|17.059|-0.005|False|False
20200113|201689.826|||0|60.995|0.041|0|17.025|-0.006|False|False
20200114|201689.826|||0|68.532|0.042|0|16.991|-0.006|False|False
20200115|201689.826|||0|70.818|0.042|0|16.955|-0.006|False|False
20200116|201689.826|||0|69.107|0.042|0|16.919|-0.006|False|False
20200121|201689.826|||0|61.699|0.042|-0|16.882|-0.006|False|False
20200122|201689.826|||0|68.066|0.042|-0|16.843|-0.007|False|False
20200123|201689.826|||0|63.227|0.042|-0|16.803|-0.007|False|False
20200127|201689.826|||0|52.281|0.042|-0|16.761|-0.007|False|False
20200128|201689.826|||0|49.86|0.042|-0|16.717|-0.007|False|False
20200129|201689.826|||0|45.734|0.042|-0|16.672|-0.008|False|False
20200130|201689.826|||0|52.32|0.041|-0|16.625|-0.008|False|False
20200203|201689.826|||0|42.714|0.041|-0|16.577|-0.008|False|False
20200204|201689.826|||0|46.124|0.041|-0|16.527|-0.009|False|False
20200205|201689.826|||0|40.686|0.04|-0|16.476|-0.009|False|False
20200206|201689.826|||0|26.051|0.04|-0|16.422|-0.009|False|False
20200210|201689.826|||0|16.118|0.04|-0.001|16.367|-0.01|False|False
20200212|201689.826|||0|13.677|0.039|-0.001|16.309|-0.01|False|False
20200213|201689.826|||0|6.627|0.037|-0.001|16.247|-0.011|False|False
20200218|201689.826|||0|6.202|0.036|-0.001|16.183|-0.011|False|False
20200219|201689.826|||0|14.736|0.035|-0.001|16.116|-0.012|False|False
20200220|201689.826|||0|19.652|0.034|-0.001|16.046|-0.012|False|False
20200224|201689.826|||0|19.16|0.032|-0.001|15.973|-0.013|False|False
20200225|201689.826|||0|19.16|0.031|-0.002|15.896|-0.014|False|False
20200226|201689.826|||0|15.773|0.029|-0.002|15.817|-0.014|False|False
20200227|201689.826|||0|15.02|0.027|-0.002|15.735|-0.015|False|False
20200302|201689.826|||0|14.149|0.025|-0.002|15.65|-0.015|False|False
20200303|201689.826|||0|15.571|0.023|-0.002|15.562|-0.016|False|False
20200304|201689.826|||0|13.845|0.02|-0.002|15.47|-0.017|False|False
20200305|201689.826|||0|18.552|0.019|-0.002|15.375|-0.018|False|False
20200316|201689.826|||0|12.037|0.015|-0.003|15.276|-0.018|False|False
20200317|201689.826|||0|16.527|0.012|-0.003|15.172|-0.019|False|False
20200318|201689.826|||0|22.727|0.009|-0.003|15.064|-0.02|False|False
20200319|201689.826|||0|22.585|0.005|-0.003|14.952|-0.021|False|False
20200323|201689.826|||0|16.29|0.001|-0.004|14.836|-0.022|False|False
20200324|201689.826|||0|14.946|-0.003|-0.004|14.716|-0.023|False|False
20200325|159397.81|0|0|1|24.868|-0.006|-0.004|14.594|-0.024|False|False
20200326|158869.49|0|0|1|24.98|-0.01|-0.004|14.468|-0.025|False|False
20200330|156888.29|0|0|1|24.57|-0.013|-0.004|14.34|-0.026|False|False
20200331|152529.65|0|0|1|24.4|-0.017|-0.004|14.207|-0.026|False|False
20200401|152490.026|0|0|1|27.25|-0.021|-0.004|14.071|-0.027|False|False
20200402|157033.578|0|0|1|33.758|-0.025|-0.004|13.93|-0.029|False|False
20200406|164628.178|0|0|1|40.014|-0.029|-0.003|13.787|-0.03|False|False
20200407|166675.418|0|0|1|44.332|-0.032|-0.003|13.641|-0.031|False|False
20200408|169607.594|0|0|1|64.376|-0.034|-0.003|13.492|-0.031|False|False
20200409|168920.778|0|0|1|61.522|-0.037|-0.003|13.341|-0.032|False|False
20200413|168841.53|0|0|1|54.194|-0.041|-0.003|13.188|-0.033|False|False
20200414|166728.25|0|0|1|58.562|-0.044|-0.003|13.033|-0.034|False|False
20200415|164628.178|0|0|1|66.281|-0.046|-0.003|12.875|-0.035|False|False
20200416|162316.778|0|0|1|57.213|-0.05|-0.003|12.716|-0.036|False|False
20200420|160295.954|0|0|1|47.71|-0.054|-0.004|12.555|-0.037|False|False
20200421|157561.898|0|0|1|46.198|-0.058|-0.004|12.39|-0.038|False|False
20200422|162329.986|0|0|1|55.454|-0.062|-0.004|12.222|-0.039|False|False
20200423|161392.218|0|0|1|56.833|-0.066|-0.004|12.051|-0.04|False|False
20200427|163505.498|0|0|1|58.439|-0.071|-0.004|11.877|-0.041|False|False
20200428|164086.65|0|0|1|53.954|-0.075|-0.004|11.699|-0.043|False|False
20200429|166516.922|0|0|1|49.815|-0.079|-0.004|11.519|-0.044|False|False
20200430|166820.706|0|0|1|42.522|-0.082|-0.004|11.335|-0.046|False|False
20200504|166305.594|0|0|1|37.802|-0.086|-0.004|11.149|-0.047|False|False
20200505|165050.834|0|0|1|43.972|-0.089|-0.003|10.96|-0.048|False|False
20200506|165156.498|0|0|1|47.452|-0.093|-0.003|10.768|-0.05|False|False
20200507|166213.138|0|0|1|45.361|-0.096|-0.003|10.572|-0.052|False|False
20200511|168405.666|0|0|1|50.426|-0.099|-0.003|10.374|-0.053|False|False
20200512|166741.458|0|0|1|63.808|-0.101|-0.003|10.174|-0.055|False|False
20200513|165631.986|0|0|1|66.16|-0.104|-0.003|9.971|-0.057|False|False
20200514|164733.842|0|0|1|69.48|-0.107|-0.003|9.765|-0.059|False|False
20200518|167771.682|0|0|1|64.586|-0.11|-0.003|9.558|-0.061|False|False
20200519|166345.218|0|0|1|67.943|-0.112|-0.002|9.348|-0.062|False|False
20200520|163703.618|0|0|1|67.801|-0.114|-0.002|9.138|-0.064|False|False
20200521|165381.034|0|0|1|65.846|-0.116|-0.002|8.927|-0.066|False|False
20200601|168815.114|0|0|1|67.578|-0.117|-0.002|8.716|-0.068|False|False
20200602|170439.698|0|0|1|67.018|-0.119|-0.002|8.503|-0.069|False|False
20200603|173741.698|0|0|1|78.969|-0.12|-0.001|8.291|-0.071|False|False
20200604|173741.698|0|0|1|76.67|-0.121|-0.001|8.079|-0.073|False|False
20200608|175828.562|0|0|1|81.98|-0.122|-0.001|7.866|-0.075|False|False
20200609|175828.562|0|0|1|75.798|-0.122|-0.001|7.654|-0.077|False|False
20200610|175207.786|0|0|1|67.981|-0.122|-0|7.442|-0.079|False|False
20200611|173213.378|0|0|1|68.626|-0.122|-0|7.232|-0.081|False|False
20200615|173002.05|0|0|1|67.988|-0.123|-0|7.021|-0.083|False|False
20200616|173966.234|0|0|1|74.044|-0.123|-0|6.811|-0.085|False|False
20200617|175154.954|0|0|1|75.177|-0.121|0.002|6.604|-0.087|False|False
20200618|175379.49|0|0|1|76.514|-0.12|0.002|6.399|-0.089|False|False
20200622|175802.146|0|0|1|70.579|-0.119|0.001|6.196|-0.09|False|False
20200623|176238.01|0|0|1|70.084|-0.117|0.001|5.996|-0.092|False|False
20200624|175154.954|0|0|1|62.059|-0.116|0.002|5.798|-0.094|False|False
20200625|176039.89|0|0|1|56.935|-0.114|0.002|5.604|-0.096|False|False
20200629|172671.85|0|0|1|40.374|-0.113|0.001|5.41|-0.098|False|False
20200630|172302.026|0|0|1|35.089|-0.111|0.001|5.218|-0.1|False|False
20200701|173754.906|0|0|1|36.948|-0.11|0.002|5.029|-0.103|False|False
20200702|176568.21|0|0|1|47.548|-0.108|0.002|4.843|-0.105|False|False
20200706|177690.89|0|0|1|50.586|-0.106|0.002|4.66|-0.107|False|False
20200707|178826.778|0|0|1|50.592|-0.104|0.002|4.48|-0.109|False|False
20200708|179909.834|0|0|1|55.643|-0.103|0.001|4.301|-0.112|False|False
20200709|179473.97|0|0|1|58.966|-0.102|0.001|4.124|-0.115|False|False
20200713|180992.89|0|0|1|54.145|-0.102|0.001|3.948|-0.119|False|False
20200714|183145.794|0|0|1|49.948|-0.101|0.001|3.772|-0.123|False|False
20200715|184532.634|0|0|1|58.754|-0.1|0.001|3.597|-0.128|False|False
20200716|182987.298|0|0|1|52.908|-0.099|0.001|3.421|-0.134|False|False
20200720|183462.786|0|0|1|58.336|-0.098|0.001|3.244|-0.14|False|False
20200721|183581.658|0|0|1|62.317|-0.096|0.002|3.069|-0.147|False|False
20200722|182709.93|0|0|1|72.686|-0.094|0.002|2.895|-0.154|False|False
20200723|181468.378|0|0|1|76.41|-0.092|0.002|2.722|-0.161|False|False
20200727|183092.962|0|0|1|70.997|-0.09|0.002|2.55|-0.169|False|False
20200728|182525.018|0|0|1|65.254|-0.088|0.002|2.38|-0.178|False|False
20200729|184440.178|0|0|1|66.763|-0.086|0.002|2.21|-0.188|False|False
20200805|182525.018|0|0|1|57.645|-0.085|0.002|2.042|-0.199|False|False
20200806|183687.322|0|0|1|66.073|-0.083|0.001|1.874|-0.213|False|False
20200810|184030.73|0|0|1|60.221|-0.082|0.001|1.707|-0.228|False|False
20200811|184598.674|0|0|1|69.356|-0.08|0.002|1.54|-0.246|False|False
20200812|185840.226|0|0|1|69.764|-0.079|0.001|1.375|-0.266|False|False
20200813|185866.642|0|0|1|68.385|-0.077|0.002|1.211|-0.29|False|False
20200817|187464.81|0|0|1|83.488|-0.075|0.002|1.048|-0.319|False|False
20200818|188006.338|0|0|1|84.014|-0.073|0.002|0.887|-0.355|False|False
20200819|188323.33|0|0|1|84.378|-0.071|0.002|0.727|-0.399|False|False
20200820|188217.666|0|0|1|79.61|-0.069|0.002|0.569|-0.457|False|False
20200824|189617.714|0|0|1|84.865|-0.067|0.002|0.413|-0.5|False|False
20200825|190489.442|0|0|1|87.157|-0.065|0.002|0.258|-0.5|False|False
20200826|189089.394|0|0|1|85.604|-0.063|0.002|0.106|-0.5|False|False
20200827|189459.218|0|0|1|84.192|-0.06|0.002|-0.045|-0.5|False|False
20200831|188759.194|0|0|1|85.147|-0.058|0.002|-0.194|-0.5|False|False
20200901|189723.378|0|0|1|83.249|-0.057|0.002|-0.342|-0.5|False|False
20200902|189723.378|0|0|1|78.404|-0.055|0.001|-0.488|-0.5|False|False
20200903|188112.002|0|0|1|75.542|-0.054|0.001|-0.632|-0.5|False|False
20200908|186711.954|0|0|1|65.774|-0.053|0.001|-0.776|-0.5|False|False
20200909|188376.162|0|0|1|58.396|-0.052|0.001|-0.919|-0.5|False|False
20200910|187649.722|0|0|1|55.568|-0.051|0.001|-1.06|-0.5|False|False
20200914|190595.106|0|0|1|57.577|-0.05|0.001|-1.2|-0.5|False|False
20200915|191242.298|0|0|1|56.3|-0.049|0.001|-1.337|-0.455|False|False
20200916|193078.21|0|0|1|63.888|-0.047|0.002|-1.471|-0.388|False|False
20200917|193223.498|0|0|1|55.12|-0.045|0.002|-1.602|-0.335|False|False
20200921|188428.994|0|0|1|39.097|-0.044|0.001|-1.731|-0.295|False|False
20200922|189842.25|0|0|1|46.057|-0.043|0.001|-1.857|-0.262|False|False
20200923|186659.122|0|0|1|43.776|-0.042|0.001|-1.981|-0.236|False|False
20200924|188759.194|0|0|1|46.113|-0.041|0.001|-2.103|-0.215|False|False
20200928|191136.634|0|0|1|52.021|-0.04|0.001|-2.223|-0.197|False|False
20200929|190489.442|0|0|1|56.124|-0.038|0.001|-2.342|-0.182|False|False
20200930|193395.202|0|0|1|58.916|-0.037|0.002|-2.459|-0.169|False|False
20201001|192100.818|0|0|1|65.239|-0.035|0.002|-2.573|-0.157|False|False
20201005|193500.866|0|0|1|65.135|-0.033|0.002|-2.685|-0.146|False|False
20201006|195666.978|0|0|1|65.502|-0.031|0.002|-2.796|-0.137|False|False
20201007|194372.594|0|0|1|53.774|-0.03|0.002|-2.906|-0.129|False|False
20201008|194610.338|0|0|1|58.03|-0.028|0.002|-3.014|-0.122|False|False
20201012|197397.226|0|0|1|56.834|-0.026|0.002|-3.121|-0.116|False|False
20201013|196855.698|0|0|1|56.796|-0.025|0.002|-3.227|-0.111|False|False
20201014|193619.738|0|0|1|68.75|-0.023|0.001|-3.33|-0.105|False|False
20201015|194663.17|0|0|1|62.213|-0.022|0.001|-3.432|-0.1|False|False
20201019|192483.85|0|0|1|67.892|-0.021|0.001|-3.532|-0.095|False|False
20201020|192853.674|0|0|1|68.675|-0.019|0.001|-3.629|-0.09|False|False
20201021|192021.57|0|0|1|57.202|-0.018|0.001|-3.725|-0.085|False|False
20201022|191559.29|0|0|1|54.387|-0.017|0.001|-3.818|-0.081|False|False
20201026|187781.802|0|0|1|35.116|-0.016|0.001|-3.91|-0.077|False|False
20201027|187676.138|0|0|1|38.149|-0.014|0.001|-4|-0.074|False|False
20201028|183581.658|0|0|1|39.349|-0.013|0.001|-4.088|-0.071|False|False
20201029|185008.122|0|0|1|26.69|-0.013|0.001|-4.174|-0.068|False|False
20201102|183040.13|0|0|1|27.991|-0.012|0.001|-4.258|-0.065|False|False
20201103|183040.13|0|0|1|23.591|-0.011|0.001|-4.341|-0.062|False|False
20201104|186381.754|0|0|1|23.729|-0.01|0.001|-4.423|-0.06|False|False
20201105|188112.002|0|0|1|39.411|-0.009|0.001|-4.502|-0.057|False|False
20201109|193315.954|0|0|1|53.563|-0.008|0.001|-4.58|-0.055|False|False
20201110|191453.626|0|0|1|56.786|-0.007|0.001|-4.655|-0.052|False|False
20201111|194148.058|0|0|1|56.078|-0.006|0.001|-4.727|-0.05|False|False
20201112|193078.21|0|0|1|59.256|-0.004|0.001|-4.798|-0.048|False|False
20201116|195336.778|0|0|1|62.744|-0.004|0.001|-4.866|-0.045|False|False
20201117|195983.97|0|0|1|62.187|-0.003|0.001|-4.933|-0.043|False|False
20201118|195772.642|0|0|1|73.857|-0.002|0.001|-4.997|-0.041|False|False
20201119|195772.642|0|0|1|62.484|-0.001|0.001|-5.059|-0.04|False|False
20201123|195772.642|0|0|1|70.883|-0|0.001|-5.12|-0.038|False|False
20201124|196961.362|0|0|1|74.842|0.001|0.001|-5.179|-0.036|False|False
20201125|197093.442|0|0|1|79.164|0.002|0.001|-5.236|-0.035|False|False
20201130|194914.122|0|0|1|75.066|0.002|0.001|-5.291|-0.033|False|False
20201201|196089.634|0|0|1|77.246|0.004|0.001|-5.343|-0.032|False|False
20201202|197714.218|0|0|1|73.533|0.005|0.001|-5.394|-0.03|False|False
20201203|199655.794|0|0|1|69.812|0.006|0.001|-5.442|-0.029|False|False
20201207|201055.842|0|0|1|72.749|0.008|0.002|-5.486|-0.027|False|False
20201208|200302.986|0|0|1|68.649|0.009|0.002|-5.528|-0.025|False|False
20201209|200091.658|0|0|1|65.09|0.011|0.001|-5.567|-0.023|False|False
20201210|199761.458|0|0|1|60.184|0.012|0.001|-5.603|-0.021|False|False
20201214|199484.09|0|0|1|62.362|0.013|0.001|-5.639|-0.02|False|False
20201215|199114.266|0|0|1|60.968|0.014|0.001|-5.674|-0.019|False|False
20201216|198691.61|0|0|1|70.161|0.015|0.001|-5.708|-0.019|False|False
20201221|200197.322|0|0|1|63.858|0.017|0.002|-5.74|-0.018|False|False
20201222|200091.658|0|0|1|69.631|0.018|0.001|-5.772|-0.017|False|False
20201223|200302.986|0|0|1|64.63|0.019|0.001|-5.803|-0.017|False|False
20201224|200408.65|0|0|1|70.399|0.021|0.002|-5.833|-0.016|False|False
20201228|201055.842|0|0|1|64.528|0.022|0.001|-5.861|-0.015|False|False
20201229|199470.882|0|0|1|58.722|0.024|0.001|-5.888|-0.015|False|False
20201230|199655.794|0|0|1|55.936|0.025|0.001|-5.915|-0.014|False|False
20201231|199114.266|0|0|1|34.542|0.026|0.001|-5.941|-0.014|False|False
20210104|201280.378|0|0|1|44.86|0.027|0.001|-5.965|-0.013|False|False
20210105|202033.234|0|0|1|57.747|0.028|0.001|-5.988|-0.012|False|False
20210106|201055.842|0|0|1|61.028|0.029|0.001|-6.01|-0.012|False|False
20210107|201703.034|0|0|1|64.685|0.031|0.001|-6.029|-0.011|False|False
20210111|206246.586|0|0|1|71.776|0.032|0.002|-6.046|-0.01|False|False
20210112|206550.37|0|0|1|71.585|0.034|0.002|-6.061|-0.009|False|False
20210113|207752.298|0|0|1|70.39|0.035|0.002|-6.074|-0.007|False|False
20210114|207752.298|0|0|1|72.509|0.037|0.002|-6.084|-0.006|False|False
20210119|205163.53|0|0|1|63.846|0.039|0.002|-6.092|-0.005|False|False
20210120|205071.074|0|0|1|63.702|0.04|0.002|-6.098|-0.004|False|False
20210121|205057.866|0|0|1|58.9|0.042|0.001|-6.102|-0.003|False|False
20210125|203710.65|0|0|1|58.575|0.043|0.001|-6.103|-0.002|False|False
20210126|202865.338|0|0|1|55.248|0.045|0.002|-6.102|-0.001|False|False
20210127|203327.618|0|0|1|61.678|0.046|0.001|-6.099|0|False|False
20210128|203763.482|0|0|1|53.477|0.047|0.001|-6.094|0.001|False|False
20210201|196208.506|0|0|1|41.949|0.049|0.001|-6.088|0.002|False|False
20210202|200408.65|0|0|1|46.589|0.05|0.002|-6.08|0.003|False|False
20210203|200302.986|0|0|1|37.893|0.052|0.001|-6.07|0.004|False|False
20210204|199219.93|0|0|1|21.731|0.053|0.001|-6.059|0.005|False|False
20210208|201055.842|0|0|1|23.306|0.054|0.001|-6.046|0.006|False|False
20210210|200738.85|0|0|1|28.683|0.055|0.001|-6.032|0.006|False|False
20210211|200738.85|0|0|1|23.983|0.056|0.001|-6.018|0.007|False|False
20210216|201821.906|0|0|1|26.919|0.056|0.001|-6.003|0.007|False|False
20210217|199655.794|0|0|1|19.831|0.056|0|-5.988|0.007|False|False
20210218|198519.906|0|0|1|19.662|0.056|-0|-5.973|0.007|False|False
20210222|196314.17|0|0|1|16.918|0.056|-0|-5.959|0.007|False|False
20210223|196089.634|0|0|1|16.32|0.056|-0.001|-5.946|0.007|False|False
20210224|191136.634|0|0|1|14.468|0.055|-0|-5.934|0.007|False|False
20210225|193831.066|0|0|1|29.67|0.055|-0|-5.921|0.006|False|False
20210301|197067.026|0|0|1|37.592|0.055|-0|-5.909|0.006|False|False
20210302|195165.074|0|0|1|30.462|0.054|-0.001|-5.897|0.006|False|False
20210303|192206.482|0|0|1|31.195|0.054|-0|-5.885|0.006|False|False
20210304|193025.378|0|0|1|31.203|0.053|-0.001|-5.874|0.006|False|False
20210308|193395.202|0|0|1|33.225|0.052|-0.001|-5.863|0.006|False|False
20210309|195019.786|0|0|1|32.187|0.051|-0.001|-5.853|0.005|False|False
20210310|198572.738|0|0|1|40.369|0.051|-0.001|-5.843|0.005|False|False
20210311|200038.826|0|0|1|40.86|0.05|-0.001|-5.834|0.005|False|False
20210315|201597.37|0|0|1|45.729|0.049|-0.001|-5.824|0.005|False|False
20210316|201821.906|0|0|1|50.917|0.049|-0|-5.815|0.005|False|False
20210317|199933.162|0|0|1|55.95|0.048|-0.001|-5.805|0.005|False|False
20210318|199338.802|0|0|1|63.038|0.048|-0|-5.794|0.005|False|False
20210322|198902.938|0|0|1|62.405|0.048|-0.001|-5.782|0.006|False|False
20210323|198361.41|0|0|1|53.79|0.047|-0.001|-5.77|0.006|False|False
20210324|199444.466|0|0|1|50.16|0.046|-0.001|-5.757|0.006|False|False
20210325|200038.826|0|0|1|56.61|0.046|-0.001|-5.744|0.007|False|False
20210329|201386.042|0|0|1|64.985|0.045|-0|-5.73|0.007|False|False
20210330|202680.426|0|0|1|69.853|0.045|-0|-5.714|0.008|False|False
20210331|202997.418|0|0|1|68.943|0.045|-0|-5.696|0.008|False|False
20210401|205916.386|0|0|1|68.609|0.044|-0|-5.677|0.009|False|False
20210405|203750.274|0|0|1|56.083|0.044|-0|-5.655|0.01|False|False
20210406|203380.45|0|0|1|60.441|0.044|-0|-5.631|0.011|False|False
20210407|204410.674|0|0|1|64.255|0.044|-0|-5.606|0.012|False|False
20210408|204410.674|0|0|1|63.849|0.044|-0|-5.578|0.014|False|False
20210412|205480.522|0|0|1|67.089|0.043|-0|-5.546|0.015|False|False
20210413|206352.25|0|0|1|61.354|0.043|-0.001|-5.512|0.017|False|False
20210414|206999.442|0|0|1|73.068|0.042|-0.001|-5.476|0.018|False|False
20210415|210724.098|0|0|1|82.581|0.042|-0|-5.435|0.02|False|False
20210419|210024.074|0|0|1|82.622|0.042|-0|-5.391|0.022|False|False
20210420|209746.706|0|0|1|85.646|0.042|0|-5.343|0.024|False|False
20210421|211846.778|0|0|1|76.742|0.042|-0|-5.291|0.026|False|False
20210422|210671.266|0|0|1|75.408|0.042|-0|-5.236|0.029|False|False
20210426|212824.17|0|0|1|76.465|0.042|0|-5.176|0.031|False|False
20210427|212612.842|0|0|1|76.636|0.042|0|-5.113|0.034|False|False
20210428|213682.69|0|0|1|81.256|0.043|0|-5.045|0.036|False|False
20210429|211965.65|0|0|1|78.243|0.043|0|-4.973|0.039|False|False
20210503|212771.338|0|0|1|76.387|0.044|0.001|-4.898|0.042|False|False
20210504|212071.314|0|0|1|70.889|0.044|0|-4.819|0.045|False|False
20210505|210671.266|0|0|1|74.486|0.045|0.001|-4.737|0.047|False|False
20210506|211173.17|0|0|1|76.297|0.045|0.001|-4.651|0.05|False|False
20210510|212824.17|0|0|1|74.005|0.046|0.001|-4.562|0.053|False|False
20210511|212824.17|0|0|1|52.902|0.046|0.001|-4.469|0.057|False|False
20210517|211635.45|0|0|1|38.666|0.047|0|-4.372|0.06|False|False
20210518|209693.874|0|0|1|40.795|0.047|0.001|-4.271|0.064|False|False
20210519|209693.874|0|0|1|40.701|0.048|0.001|-4.165|0.068|False|False
20210520|210552.394|0|0|1|37.618|0.049|0.001|-4.054|0.073|False|False
20210524|208069.29|0|0|1|23.035|0.05|0.001|-3.937|0.078|False|False
20210525|206022.05|0|0|1|26.093|0.051|0.001|-3.816|0.084|False|False
20210526|208610.818|0|0|1|29.006|0.052|0.001|-3.689|0.09|False|False
20210527|208293.826|0|0|1|41.343|0.053|0.001|-3.556|0.097|False|False
20210601|208571.194|0|0|1|40.102|0.055|0.001|-3.419|0.104|False|False
20210602|211741.114|0|0|1|44.419|0.056|0.001|-3.277|0.112|False|False
20210603|209363.674|0|0|1|41.729|0.057|0.001|-3.131|0.12|False|False
20210607|209429.714|0|0|1|39.659|0.059|0.001|-2.979|0.129|False|False
20210608|208835.354|0|0|1|34.088|0.06|0.001|-2.824|0.138|False|False
20210609|207963.626|0|0|1|36.865|0.061|0.001|-2.664|0.149|False|False
20210610|208927.81|0|0|1|45.556|0.062|0.001|-2.501|0.161|False|False
20210614|211054.298|0|0|1|50.122|0.063|0.001|-2.334|0.173|False|False
20210615|209918.41|0|0|1|53.679|0.064|0.001|-2.163|0.188|False|False
20210616|208544.778|0|0|1|55.594|0.065|0.001|-1.988|0.205|False|False
20210617|207884.378|0|0|1|67.79|0.066|0.001|-1.81|0.224|False|False
20210621|206774.906|0|0|1|61.943|0.067|0.001|-1.63|0.246|False|False
20210622|212507.178|0|0|1|63.088|0.068|0.001|-1.446|0.273|False|False
20210623|210301.442|0|0|1|50.346|0.069|0.001|-1.26|0.304|False|False
20210624|210750.514|0|0|1|48.066|0.07|0.001|-1.071|0.343|False|False
20210628|207210.77|0|0|1|37.112|0.071|0.001|-0.88|0.391|False|False
20210629|210195.778|0|0|1|49.47|0.072|0.001|-0.687|0.454|False|False
20210630|208756.106|0|0|1|52.322|0.072|0.001|-0.494|0.5|False|False
20210701|209535.378|0|0|1|63.664|0.073|0.001|-0.298|0.5|False|False
20210706|209429.714|0|0|1|58.749|0.074|0.001|-0.103|0.5|False|False
20210707|211080.714|0|0|1|62.557|0.074|0.001|0.094|0.5|False|False
20210708|211410.914|0|0|1|53.156|0.075|0.001|0.292|0.5|False|False
20210712|211305.25|0|0|1|48.493|0.076|0.001|0.491|0.5|False|False
20210713|210420.314|0|0|1|48.716|0.076|0|0.688|0.5|False|False
20210714|210301.442|0|0|1|53.138|0.077|0|0.885|0.5|False|False
20210715|209759.914|0|0|1|46.314|0.077|0|1.081|0.5|False|False
20210726|208320.242|0|0|1|41.548|0.077|-0|1.275|0.5|False|False
20210727|206444.706|0|0|1|41.438|0.076|-0.001|1.466|0.5|False|False
20210728|206497.538|0|0|1|45.664|0.075|-0.001|1.655|0.5|False|False
20210729|207382.474|0|0|1|56.465|0.075|-0.001|1.843|0.446|False|False
20210803|209759.914|0|0|1|57.919|0.074|-0|2.028|0.383|False|False
20210804|209416.506|0|0|1|60.819|0.074|-0|2.212|0.337|False|False
20210805|211080.714|0|0|1|58.944|0.074|-0|2.394|0.299|False|False
20210809|210301.442|0|0|1|63.974|0.073|-0|2.573|0.268|False|False
20210810|212401.514|0|0|1|54.594|0.073|-0|2.75|0.243|False|False
20210811|214171.386|0|0|1|57.411|0.073|-0|2.926|0.222|False|False
20210812|214831.786|0|0|1|66.71|0.072|-0|3.101|0.205|False|False
20210816|214726.122|0|0|1|70.192|0.072|-0|3.275|0.191|False|False
20210817|216429.954|0|0|1|71.696|0.072|-0|3.448|0.178|False|False
20210818|218582.858|0|0|1|86.475|0.072|0|3.62|0.168|False|False
20210819|217513.01|0|0|1|91.064|0.072|-0|3.791|0.158|False|False
20210823|218358.322|0|0|1|94.68|0.072|0|3.962|0.149|False|False
20210824|219626.29|0|0|1|94.603|0.073|0|4.131|0.141|False|False
20210825|217262.058|0|0|1|88.266|0.073|0|4.298|0.134|False|False
20210826|217367.722|0|0|1|79.386|0.074|0.001|4.464|0.127|False|False
20210830|217262.058|0|0|1|78.888|0.075|0.001|4.628|0.12|False|False
20210831|217592.258|0|0|1|73.32|0.076|0.001|4.792|0.115|False|False
20210901|216707.322|0|0|1|71.173|0.076|0.001|4.955|0.11|False|False
20210902|215769.554|0|0|1|71.727|0.077|0.001|5.116|0.105|False|False
20210930|223469.818|0|0|1|86.723|0.078|0.001|5.278|0.101|False|False
