20230104|298185.486|0|0|1|44.182|-0.033|0.001|-10.59|0.015|False|False
20230105|307862.894|0|0|1|50.053|-0.031|0.002|-10.53|0.016|False|False
20230106|311794.341|0|0|1|57.714|-0.028|0.002|-10.467|0.017|False|False
20230109|313911.274|0|0|1|65.355|-0.025|0.003|-10.399|0.018|False|False
20230110|319052.397|0|0|1|76.954|-0.022|0.003|-10.326|0.019|False|False
20230111|315423.369|0|0|1|71.976|-0.02|0.003|-10.248|0.021|False|False
20230112|317237.883|0|0|1|74.887|-0.017|0.003|-10.164|0.023|False|False
20230113|320866.911|0|0|1|79.284|-0.014|0.003|-10.072|0.025|False|False
20230116|327217.71|0|0|1|79.353|-0.011|0.003|-9.974|0.027|False|False
20230117|328427.386|0|0|1|77.983|-0.008|0.003|-9.87|0.029|False|False
20230118|327520.129|0|0|1|82.864|-0.005|0.003|-9.76|0.031|False|False
20230119|330544.319|0|0|1|83.719|-0.002|0.003|-9.644|0.033|False|False
20230120|333266.09|0|0|1|85.054|0.001|0.003|-9.523|0.035|False|False
20230130|337197.537|0|0|1|85.813|0.004|0.003|-9.396|0.037|False|False
20230131|332358.833|0|0|1|83.098|0.006|0.003|-9.267|0.039|False|False
20230201|336895.118|0|0|1|81.532|0.01|0.003|-9.133|0.041|False|False
20230202|334778.185|0|0|1|77.432|0.013|0.003|-8.996|0.043|False|False
20230203|330544.319|0|0|1|71.022|0.016|0.002|-8.856|0.044|False|False
20230206|326008.034|0|0|1|60.468|0.018|0.002|-8.714|0.046|False|False
20230207|325403.196|0|0|1|64.703|0.021|0.003|-8.57|0.047|False|False
20230208|324193.52|0|0|1|60.784|0.024|0.003|-8.423|0.049|False|False
20230209|329032.224|0|0|1|61.909|0.027|0.004|-8.274|0.051|False|False
20230210|326612.872|0|0|1|50.94|0.031|0.004|-8.121|0.052|False|False
20230213|328729.805|0|0|1|54.292|0.035|0.004|-7.964|0.055|False|False
20230214|327822.548|0|0|1|53.239|0.038|0.003|-7.804|0.057|False|False
20230215|324193.52|0|0|1|46.196|0.04|0.003|-7.642|0.059|False|False
20230216|320262.073|0|0|1|39.157|0.043|0.002|-7.477|0.061|False|False
20230217|312096.76|0|0|1|28.003|0.044|0.001|-7.312|0.063|False|False
20230220|315423.369|0|0|1|36.567|0.045|0.001|-7.145|0.065|False|False
20230221|313608.855|0|0|1|29.477|0.046|0.001|-6.975|0.067|False|False
20230222|311189.503|0|0|1|28.937|0.048|0.001|-6.804|0.069|False|False
20230223|312399.179|0|0|1|31.99|0.048|0|-6.63|0.072|False|False
20230224|307862.894|0|0|1|32.708|0.047|-0|-6.455|0.075|False|False
20230227|305141.123|0|0|1|31.477|0.047|-0.001|-6.28|0.077|False|False
20230228|307560.475|0|0|1|36.287|0.046|-0.001|-6.104|0.079|False|False
20230301|309072.57|0|0|1|30.6|0.045|-0|-5.929|0.082|False|False
20230302|306048.38|0|0|1|30.528|0.044|-0.001|-5.755|0.084|False|False
20230303|306350.799|0|0|1|24.941|0.043|-0.001|-5.582|0.086|False|False
20230306|307258.056|0|0|1|27.872|0.041|-0.002|-5.412|0.087|False|False
20230307|302116.933|0|0|1|25.362|0.038|-0.003|-5.244|0.089|False|False
20230308|300000|0|0|1|27.751|0.035|-0.003|-5.076|0.091|False|False
20230309|300302.419|0|0|1|34.349|0.032|-0.003|-4.911|0.093|False|False
20230310|300604.838|0|0|1|24.415|0.029|-0.003|-4.75|0.094|False|False
20230313|298185.486|0|0|1|24.157|0.026|-0.003|-4.592|0.095|False|False
20230314|295161.296|0|0|1|24.603|0.023|-0.003|-4.436|0.097|False|False
20230315|294556.458|0|0|1|21.99|0.02|-0.003|-4.281|0.099|False|False
20230316|290322.592|0|0|1|21.306|0.016|-0.004|-4.128|0.101|False|False
20230317|288205.659|0|0|1|22.397|0.013|-0.003|-3.977|0.103|False|False
20230320|288508.078|0|0|1|14.454|0.01|-0.003|-3.828|0.106|False|False
20230321|294858.877|0|0|1|26.109|0.007|-0.003|-3.681|0.108|False|False
20230322|293951.62|0|0|1|31.077|0.004|-0.003|-3.536|0.111|False|False
20230323|295463.715|0|0|1|36.019|0.001|-0.003|-3.395|0.113|False|False
20230324|297883.067|0|0|1|35.975|-0.001|-0.003|-3.256|0.115|False|False
20230327|299092.743|0|0|1|53.609|-0.004|-0.003|-3.121|0.117|False|False
20230328|295161.296|0|0|1|48.093|-0.007|-0.003|-2.988|0.12|False|False
20230329|297278.229|0|0|1|49.658|-0.01|-0.003|-2.859|0.122|False|False
20230330|297883.067|0|0|1|52.79|-0.012|-0.002|-2.732|0.125|False|False
20230331|298185.486|0|0|1|59.208|-0.013|-0.001|-2.605|0.128|False|False
20230403|303024.19|0|0|1|68.878|-0.013|-0.001|-2.479|0.133|False|False
20230404|299395.162|0|0|1|65.587|-0.014|-0.001|-2.356|0.138|False|False
20230406|298487.905|0|0|1|75.988|-0.014|-0|-2.234|0.143|False|False
20230407|301209.676|0|0|1|80.464|-0.014|-0|-2.113|0.148|False|False
20230410|303024.19|0|0|1|79.932|-0.014|-0|-1.995|0.153|False|False
20230411|302116.933|0|0|1|74.086|-0.014|0|-1.879|0.159|False|False
20230412|300604.838|0|0|1|70.088|-0.014|-0|-1.766|0.164|False|False
20230413|298185.486|0|0|1|60.011|-0.015|-0|-1.656|0.17|False|False
20230414|300907.257|0|0|1|62.285|-0.015|0|-1.552|0.174|False|False
20230417|302721.771|0|0|1|58.527|-0.015|-0|-1.453|0.177|False|False
20230418|302116.933|0|0|1|66.463|-0.015|-0|-1.36|0.179|False|False
20230419|299697.581|0|0|1|61.065|-0.015|0|-1.272|0.18|False|False
20230420|293951.62|0|0|1|50.831|-0.015|-0|-1.192|0.18|False|False
20230421|289717.754|0|0|1|38.228|-0.015|-0|-1.118|0.178|False|False
20230424|283366.955|0|0|1|21.859|-0.016|-0.001|-1.05|0.175|False|False
20230425|276713.737|0|0|1|19.96|-0.017|-0.001|-0.989|0.17|False|False
20230426|283971.793|0|0|1|27.941|-0.018|-0.001|-0.935|0.163|False|False
20230427|285181.469|0|0|1|26.181|-0.018|-0|-0.889|0.154|False|False
20230428|286391.145|0|0|1|30.664|-0.018|0|-0.849|0.141|False|False
20230504|282157.279|0|0|1|28.535|-0.017|0|-0.817|0.127|False|False
20230505|280342.765|0|0|1|26.91|-0.017|0|-0.79|0.111|False|False
20230508|281552.441|0|0|1|30.085|-0.018|-0|-0.771|0.092|False|False
20230509|278225.832|0|0|1|23.002|-0.018|-0.001|-0.76|0.069|False|False
20230510|281552.441|0|0|1|25.226|-0.019|-0.001|-0.757|0.042|False|False
20230511|285786.307|0|0|1|28.454|-0.02|-0.001|-0.76|0.015|False|False
20230512|281250.022|0|0|1|27.769|-0.021|-0.001|-0.771|-0.015|False|False
20230515|286693.564|0|0|1|38.761|-0.022|-0.001|-0.789|-0.043|False|False
20230516|287298.402|0|0|1|43.212|-0.022|-0.001|-0.813|-0.069|False|False
20230517|286693.564|0|0|1|48.762|-0.023|-0.001|-0.843|-0.093|False|False
20230518|283366.955|0|0|1|53.349|-0.025|-0.001|-0.882|-0.117|False|False
20230519|283669.374|0|0|1|46.857|-0.026|-0.002|-0.929|-0.142|False|False
20230522|283669.374|0|0|1|44.217|-0.028|-0.002|-0.984|-0.166|False|False
20230523|281250.022|0|0|1|35.364|-0.03|-0.002|-1.047|-0.187|False|False
20230524|279737.927|0|0|1|38.347|-0.033|-0.003|-1.117|-0.203|False|False
20230525|279435.508|0|0|1|44.016|-0.035|-0.003|-1.194|-0.214|False|False
20230526|276411.318|0|0|1|39.24|-0.038|-0.003|-1.279|-0.222|False|False
20230529|272177.452|0|0|1|39.656|-0.041|-0.003|-1.371|-0.228|False|False
20230530|273387.128|0|0|1|39.167|-0.043|-0.002|-1.469|-0.23|False|False
20230531|270665.357|0|0|1|30.399|-0.045|-0.003|-1.571|-0.228|False|False
20230601|272177.452|0|0|1|38.567|-0.048|-0.003|-1.679|-0.225|False|False
20230602|275504.061|0|0|1|31.512|-0.05|-0.002|-1.793|-0.221|False|False
20230605|270665.357|0|0|1|27.62|-0.053|-0.002|-1.912|-0.216|False|False
20230606|267338.748|0|0|1|23.43|-0.055|-0.002|-2.035|-0.212|False|False
20230607|261592.787|0|0|1|21.707|-0.057|-0.002|-2.164|-0.207|False|False
20230608|260685.53|0|0|1|21.045|-0.058|-0.001|-2.296|-0.201|False|False
20230609|262197.625|0|0|1|25.897|-0.059|-0|-2.431|-0.194|False|False
20230612|264616.977|0|0|1|31.109|-0.059|-0.001|-2.567|-0.186|False|False
20230613|266129.072|0|0|1|35.689|-0.06|-0.001|-2.705|-0.178|False|False
20230614|265524.234|0|0|1|35.36|-0.061|-0.001|-2.843|-0.169|False|False
20230615|276713.737|0|0|1|51.262|-0.061|0|-2.98|-0.161|False|False
20230616|281250.022|0|0|1|59.668|-0.06|0.001|-3.114|-0.151|False|False
20230619|280947.603|0|0|1|57.003|-0.059|0.001|-3.245|-0.142|False|False
20230620|281250.022|0|0|1|62.436|-0.058|0.001|-3.373|-0.132|False|False
20230621|273991.966|0|0|1|50.751|-0.057|0.001|-3.498|-0.123|False|False
20230626|271572.614|0|0|1|43.45|-0.057|0|-3.62|-0.115|False|False
20230627|270967.776|0|0|1|48.454|-0.056|0.001|-3.74|-0.109|False|False
20230628|270060.519|0|0|1|52.826|-0.056|-0|-3.859|-0.103|False|False
20230629|269758.1|0|0|1|59.191|-0.056|0|-3.976|-0.098|False|False
20230630|274899.223|0|0|1|65.078|-0.055|0|-4.091|-0.094|False|False
20230703|274294.385|0|0|1|64.389|-0.055|0.001|-4.205|-0.09|False|False
20230704|275806.48|0|0|1|63.793|-0.054|0.001|-4.317|-0.086|False|False
20230705|274294.385|0|0|1|57.652|-0.054|0|-4.428|-0.082|False|False
20230706|271875.033|0|0|1|54.599|-0.053|0|-4.538|-0.079|False|False
20230707|268548.424|0|0|1|36.93|-0.053|0.001|-4.647|-0.076|False|False
20230710|272177.452|0|0|1|36.282|-0.052|0.001|-4.755|-0.074|False|False
20230711|275201.642|0|0|1|41.12|-0.051|0.001|-4.859|-0.071|False|False
20230712|272782.29|0|0|1|36.975|-0.049|0.001|-4.961|-0.067|False|False
20230713|277923.413|0|0|1|54.803|-0.048|0.002|-5.059|-0.064|False|False
20230714|276713.737|0|0|1|57.416|-0.046|0.002|-5.153|-0.06|False|False
20230717|273991.966|0|0|1|52.933|-0.045|0.001|-5.244|-0.057|False|False
20230718|273387.128|0|0|1|53.517|-0.044|0.001|-5.332|-0.054|False|False
20230719|269455.681|0|0|1|49.506|-0.043|0.001|-5.416|-0.051|False|False
20230720|266431.491|0|0|1|39.062|-0.042|0.001|-5.497|-0.048|False|False
20230721|267036.329|0|0|1|37.745|-0.041|0.002|-5.573|-0.045|False|False
20230724|265221.815|0|0|1|34.522|-0.039|0.002|-5.646|-0.042|False|False
20230725|271270.195|0|0|1|46.778|-0.037|0.002|-5.714|-0.04|False|False
20230726|271572.614|0|0|1|49.821|-0.036|0.002|-5.779|-0.037|False|False
20230727|270665.357|0|0|1|52.773|-0.035|0.001|-5.84|-0.034|False|False
20230728|274899.223|0|0|1|53.769|-0.033|0.002|-5.896|-0.032|False|False
20230731|278225.832|0|0|1|53.637|-0.032|0.001|-5.949|-0.029|False|False
20230801|276108.899|0|0|1|55.057|-0.032|0|-5.997|-0.027|False|False
20230802|276108.899|0|0|1|45.898|-0.032|0|-6.041|-0.025|False|False
20230803|279133.089|0|0|1|53.711|-0.032|0|-6.079|-0.022|False|False
20230804|282762.117|0|0|1|61.381|-0.031|0.001|-6.111|-0.019|False|False
20230807|279133.089|0|0|1|57.678|-0.029|0.001|-6.138|-0.016|False|False
20230808|278225.832|0|0|1|60.333|-0.028|0.001|-6.158|-0.013|False|False
20230809|278225.832|0|0|1|65.988|-0.027|0.001|-6.171|-0.01|False|False
20230810|279133.089|0|0|1|66.444|-0.026|0.001|-6.179|-0.007|False|False
20230811|273689.547|0|0|1|57.49|-0.026|0|-6.181|-0.004|False|False
20230814|268548.424|0|0|1|44.223|-0.026|-0|-6.177|-0.001|False|False
20230815|267641.167|0|0|1|41.778|-0.027|-0.001|-6.168|0.002|False|False
20230816|265826.653|0|0|1|40.427|-0.027|-0|-6.153|0.004|False|False
20230817|267338.748|0|0|1|35.251|-0.027|0|-6.132|0.007|False|False
20230818|264012.139|0|0|1|27.065|-0.026|0|-6.105|0.01|False|False
20230821|259475.854|0|0|1|25.011|-0.027|-0|-6.074|0.013|False|False
20230822|259778.273|0|0|1|26.026|-0.027|-0.001|-6.04|0.015|False|False
20230823|253125.055|0|0|1|16.059|-0.028|-0.001|-6.005|0.016|False|False
20230824|257056.502|0|0|1|17.224|-0.03|-0.001|-5.968|0.017|False|False
20230825|253125.055|0|0|1|17.135|-0.031|-0.001|-5.93|0.018|False|False
20230828|256754.083|0|0|1|22.992|-0.031|-0.001|-5.89|0.019|False|False
20230829|264012.139|0|0|1|35.087|-0.031|0|-5.848|0.02|False|False
20230830|264012.139|0|0|1|33.082|-0.031|0|-5.804|0.021|False|False
20230831|261592.787|0|0|1|36.941|-0.03|0.001|-5.755|0.023|False|False
20230901|260685.53|0|0|1|39.379|-0.03|0.001|-5.704|0.025|False|False
20230904|263104.882|0|0|1|44.979|-0.029|0.001|-5.649|0.027|False|False
20230905|262500.044|0|0|1|46.345|-0.029|0|-5.591|0.029|False|False
20230906|260685.53|0|0|1|42.179|-0.028|0|-5.53|0.031|False|False
20230907|254334.731|0|0|1|39.951|-0.029|-0|-5.467|0.032|False|False
20230908|253125.055|0|0|1|43.747|-0.03|-0.001|-5.405|0.033|False|False
20230911|254334.731|0|0|1|45.946|-0.031|-0.001|-5.343|0.034|False|False
20230912|252217.798|0|0|1|52.346|-0.032|-0.001|-5.283|0.034|False|False
20230913|248588.77|0|0|1|42.771|-0.033|-0.001|-5.227|0.033|False|False
20230914|247076.675|0|0|1|44.216|-0.035|-0.002|-5.173|0.032|False|False
20230915|244959.742|0|0|1|37.858|-0.037|-0.002|-5.124|0.03|False|False
20230918|247681.513|0|0|1|25.019|-0.039|-0.002|-5.077|0.029|False|False
20230919|246169.418|0|0|1|23.048|-0.042|-0.002|-5.035|0.027|False|False
20230920|243750.066|0|0|1|22.959|-0.044|-0.002|-4.997|0.025|False|False
20230921|241633.133|0|0|1|21.229|-0.047|-0.003|-4.964|0.022|False|False
20230922|247076.675|0|0|1|29.75|-0.048|-0.001|-4.934|0.02|False|False
20230925|245866.999|0|0|1|29.591|-0.049|-0.001|-4.907|0.018|False|False
20230926|243750.066|0|0|1|28.978|-0.05|-0.001|-4.883|0.016|False|False
20230927|245866.999|0|0|1|39.308|-0.051|-0.001|-4.864|0.014|False|False
20230928|245866.999|0|0|1|40.136|-0.052|-0.001|-4.849|0.012|False|False
20231009|245262.161|0|0|1|35.605|-0.053|-0.001|-4.837|0.01|False|False
20231010|243145.228|0|0|1|35.842|-0.053|-0|-4.826|0.008|False|False
20231011|245866.999|0|0|1|44.472|-0.053|-0|-4.816|0.007|False|False
20231012|247983.932|0|0|1|51.68|-0.052|0.001|-4.804|0.007|False|False
20231013|244052.485|0|0|1|48.658|-0.052|0|-4.793|0.007|False|False
20231016|239818.619|0|0|1|37.268|-0.052|0|-4.782|0.007|False|False
20231017|239818.619|0|0|1|41.422|-0.052|-0|-4.773|0.006|False|False
20231018|236794.429|0|0|1|40.06|-0.053|-0.001|-4.767|0.006|False|False
20231019|234072.658|0|0|1|39.254|-0.055|-0.002|-4.764|0.004|False|False
20231020|231955.725|0|0|1|23.766|-0.057|-0.002|-4.765|0.002|False|False
20231023|228024.278|0|0|1|21.45|-0.059|-0.002|-4.77|-0.001|False|False
20231024|230141.211|0|0|1|27.867|-0.061|-0.002|-4.78|-0.003|False|False
20231025|227721.859|0|0|1|21.156|-0.063|-0.002|-4.795|-0.006|False|False
20231026|228629.116|0|0|1|25.052|-0.065|-0.002|-4.816|-0.01|False|False
20231027|235887.172|0|0|1|38.752|-0.066|-0.001|-4.84|-0.013|False|False
20231030|242540.39|0|0|1|48.503|-0.066|-0|-4.865|-0.015|False|False
20231031|241028.295|0|0|1|44.691|-0.066|-0|-4.892|-0.016|False|False
20231101|239213.781|0|0|1|40.91|-0.067|-0|-4.92|-0.017|False|False
20231102|237701.686|0|0|1|41.295|-0.067|-0|-4.949|-0.017|False|False
20231103|241633.133|0|0|1|51.821|-0.067|0|-4.977|-0.017|False|False
20231106|250403.284|0|0|1|59.408|-0.066|0.001|-5.004|-0.017|False|False
20231107|248891.189|0|0|1|61.696|-0.065|0|-5.032|-0.017|False|False
20231108|248891.189|0|0|1|66.277|-0.064|0.001|-5.059|-0.017|False|False
20231109|247983.932|0|0|1|68.733|-0.063|0.001|-5.085|-0.016|False|False
20231110|246471.837|0|0|1|72.985|-0.062|0.001|-5.111|-0.016|False|False
20231113|245866.999|0|0|1|71.887|-0.061|0.001|-5.137|-0.015|False|False
20231114|245262.161|0|0|1|75.118|-0.06|0.001|-5.162|-0.015|False|False
20231115|246471.837|0|0|1|74.983|-0.059|0.002|-5.186|-0.015|False|False
20231116|241330.714|0|0|1|59.186|-0.058|0.001|-5.21|-0.014|False|False
20231117|242842.809|0|0|1|51.982|-0.057|0.001|-5.235|-0.014|False|False
20231120|243447.647|0|0|1|55.623|-0.056|0.001|-5.26|-0.014|False|False
20231121|241633.133|0|0|1|55.725|-0.055|0.001|-5.287|-0.015|False|False
20231122|238004.105|0|0|1|52.197|-0.055|0|-5.317|-0.016|False|False
20231123|238306.524|0|0|1|48.421|-0.055|0|-5.349|-0.017|False|False
20231124|235584.753|0|0|1|23.27|-0.055|0|-5.384|-0.018|False|False
20231127|234072.658|0|0|1|22.988|-0.054|0.001|-5.421|-0.02|False|False
20231128|235584.753|0|0|1|27.779|-0.053|0.001|-5.46|-0.021|False|False
20231129|233165.401|0|0|1|25.656|-0.052|0.001|-5.501|-0.022|False|False
20231130|234375.077|0|0|1|29.121|-0.05|0.001|-5.543|-0.022|False|False
20231201|234375.077|0|0|1|29.019|-0.049|0.002|-5.587|-0.023|False|False
20231204|231048.468|0|0|1|27.232|-0.047|0.002|-5.632|-0.024|False|False
20231205|227419.44|0|0|1|19.674|-0.045|0.001|-5.678|-0.024|False|False
20231206|228326.697|0|0|1|27.259|-0.044|0.002|-5.725|-0.025|False|False
20231207|227419.44|0|0|1|23.696|-0.042|0.002|-5.774|-0.025|False|False
20231208|229536.373|0|0|1|26.702|-0.041|0.001|-5.824|-0.026|False|False
20231211|232862.982|0|0|1|35.177|-0.041|0|-5.878|-0.027|False|False
20231212|231048.468|0|0|1|38.95|-0.04|0|-5.934|-0.028|False|False
20231213|226814.602|0|0|1|30.562|-0.04|0|-5.992|-0.029|False|False
20231214|225302.507|0|0|1|32.19|-0.04|0|-6.052|-0.03|False|False
20231215|224092.831|0|0|1|32.15|-0.04|-0.001|-6.116|-0.031|False|False
20231218|219858.965|0|0|1|24.688|-0.042|-0.002|-6.186|-0.032|False|False
20231219|221673.479|0|0|1|29.594|-0.044|-0.002|-6.261|-0.034|False|False
20231220|218649.289|0|0|1|25.183|-0.046|-0.002|-6.341|-0.037|False|False
20231221|223487.993|0|0|1|32.474|-0.047|-0.001|-6.426|-0.039|False|False
20231222|222278.317|0|0|1|33.815|-0.048|-0.001|-6.514|-0.041|False|False
20231225|222883.155|0|0|1|41.198|-0.05|-0.001|-6.606|-0.042|False|False
20231226|219858.965|0|0|1|34.491|-0.051|-0.001|-6.701|-0.043|False|False
20231227|218951.708|0|0|1|35.564|-0.052|-0.001|-6.799|-0.044|False|False
20231228|229233.954|0|0|1|47.799|-0.052|-0|-6.897|-0.044|False|False
20231229|230443.63|0|0|1|45.591|-0.052|0|-6.997|-0.044|False|False
20240102|225302.507|0|0|1|42.007|-0.053|-0|-7.097|-0.044|False|False
20240103|222580.736|0|0|1|43.507|-0.053|-0.001|-7.198|-0.044|False|False
20240104|218346.87|0|0|1|40.547|-0.054|-0|-7.298|-0.043|False|False
20240105|214717.842|0|0|1|38.779|-0.055|-0.001|-7.398|-0.042|False|False
20240108|211693.652|0|0|1|38.464|-0.055|-0.001|-7.499|-0.042|False|False
20240109|212600.909|0|0|1|38.216|-0.056|-0.001|-7.599|-0.041|False|False
20240110|211391.233|0|0|1|40.345|-0.058|-0.001|-7.7|-0.041|False|False
20240111|216229.937|0|0|1|41.171|-0.058|-0.001|-7.799|-0.04|False|False
20240112|213810.585|0|0|1|39.979|-0.059|-0.001|-7.896|-0.039|False|False
20240115|211996.071|0|0|1|37.076|-0.06|-0.001|-7.991|-0.038|False|False
20240116|213205.747|0|0|1|41.1|-0.061|-0.001|-8.084|-0.037|False|False
20240117|207157.367|0|0|1|35.001|-0.062|-0.001|-8.176|-0.035|False|False
20240118|211996.071|0|0|1|27.738|-0.063|-0.001|-8.265|-0.034|False|False
20240119|210483.976|0|0|1|23.783|-0.064|-0.001|-8.352|-0.033|False|False
20240122|205040.434|0|0|1|22.888|-0.066|-0.002|-8.438|-0.032|False|False
20240123|208064.624|0|0|1|28.873|-0.069|-0.002|-8.523|-0.031|False|False
20240124|208367.043|0|0|1|33.697|-0.07|-0.002|-8.606|-0.03|False|False
20240125|211391.233|0|0|1|41.497|-0.071|-0.001|-8.687|-0.029|False|False
20240126|205947.691|0|0|1|40.597|-0.072|-0.001|-8.766|-0.028|False|False
20240129|197479.959|0|0|1|33.366|-0.074|-0.002|-8.843|-0.028|False|False
20240130|192943.674|0|0|1|30.75|-0.075|-0.002|-8.92|-0.027|False|False
20240131|192943.674|0|0|1|23.887|-0.077|-0.002|-8.996|-0.026|False|False
20240201|195060.607|0|0|1|27.932|-0.078|-0.001|-9.07|-0.026|False|False
20240202|189919.484|0|0|1|26.369|-0.081|-0.002|-9.143|-0.025|False|False
20240205|192943.674|0|0|1|27.356|-0.083|-0.002|-9.216|-0.024|False|False
20240206|205645.272|0|0|1|46.584|-0.084|-0.001|-9.288|-0.024|False|False
20240207|207157.367|0|0|1|47.348|-0.084|-0|-9.36|-0.024|False|False
20240208|211693.652|0|0|1|51.188|-0.084|0|-9.43|-0.023|False|False
20240219|214717.842|0|0|1|58.805|-0.085|-0.001|-9.502|-0.023|False|False
20240220|214113.004|0|0|1|56.791|-0.086|-0.001|-9.574|-0.023|False|False
20240221|215020.261|0|0|1|56.562|-0.087|-0.001|-9.646|-0.023|False|False
20240222|216229.937|0|0|1|54.526|-0.087|-0|-9.719|-0.023|False|False
20240223|216532.356|0|0|1|60.184|-0.086|0|-9.791|-0.023|False|False
20240226|215020.261|0|0|1|70.01|-0.086|0.001|-9.862|-0.022|False|False
20240227|219858.965|0|0|1|82.661|-0.084|0.002|-9.932|-0.022|False|False
20240228|215322.68|0|0|1|74.634|-0.083|0.001|-10|-0.021|False|False
20240229|222883.155|0|0|1|77.331|-0.081|0.002|-10.065|-0.021|False|False
20240301|225302.507|0|0|1|86.28|-0.079|0.002|-10.129|-0.02|False|False
20240304|226512.183|0|0|1|86.228|-0.077|0.002|-10.191|-0.019|False|False
20240305|226209.764|0|0|1|80.549|-0.074|0.002|-10.251|-0.018|False|False
20240306|226512.183|0|0|1|76.88|-0.072|0.002|-10.308|-0.018|False|False
20240307|220766.222|0|0|1|62.302|-0.069|0.003|-10.361|-0.017|False|False
20240308|222580.736|0|0|1|61.975|-0.067|0.002|-10.411|-0.016|False|False
20240311|234979.915|0|0|1|71.398|-0.063|0.004|-10.456|-0.014|False|False
20240312|236794.429|0|0|1|72.168|-0.058|0.005|-10.497|-0.013|False|False
20240313|235887.172|0|0|1|69.508|-0.054|0.004|-10.533|-0.012|False|False
20240314|234677.496|0|0|1|67.163|-0.051|0.004|-10.567|-0.011|False|False
20240315|234375.077|0|0|1|68.478|-0.047|0.003|-10.597|-0.01|False|False
20240318|240423.457|0|0|1|68.481|-0.043|0.004|-10.622|-0.008|False|False
20240319|237399.267|0|0|1|73.74|-0.038|0.005|-10.642|-0.007|False|False
20240320|237096.848|0|0|1|68.453|-0.032|0.006|-10.655|-0.005|False|False
20240321|235887.172|0|0|1|63.425|-0.026|0.006|-10.662|-0.004|False|False
20240322|231955.725|0|0|1|55.937|-0.021|0.005|-10.662|-0.002|False|False
20240325|227419.44|0|0|1|49.966|-0.016|0.005|-10.656|-0|False|False
20240326|229233.954|0|0|1|51.354|-0.01|0.006|-10.644|0.002|False|False
20240327|222883.155|0|0|1|49.983|-0.007|0.003|-10.628|0.003|False|False
20240328|225000.088|0|0|1|49.942|-0.005|0.003|-10.608|0.005|False|False
20240329|226512.183|0|0|1|36.518|-0.002|0.002|-10.584|0.006|False|False
20240401|232862.982|0|0|1|44.459|0.001|0.003|-10.555|0.007|False|False
20240402|232258.144|0|0|1|44.352|0.003|0.003|-10.521|0.008|False|False
20240403|228629.116|0|0|1|43.231|0.006|0.003|-10.483|0.01|False|False
20240408|225302.507|0|0|1|38.901|0.008|0.002|-10.439|0.011|False|False
20240409|227721.859|0|0|1|34.81|0.01|0.002|-10.391|0.012|False|False
20240410|222883.155|0|0|1|32.968|0.012|0.002|-10.338|0.014|False|False
20240411|221673.479|0|0|1|31.783|0.013|0.001|-10.282|0.015|False|False
20240412|219556.546|0|0|1|31.153|0.015|0.002|-10.222|0.016|False|False
20240415|224395.25|0|0|1|39.792|0.016|0.001|-10.158|0.017|False|False
20240416|220161.384|0|0|1|39.838|0.016|0|-10.091|0.019|False|False
20240417|224697.669|0|0|1|44.321|0.016|0|-10.022|0.02|False|False
20240418|223185.574|0|0|1|49.665|0.017|0|-9.95|0.02|False|False
20240419|218346.87|0|0|1|42.968|0.017|-0|-9.877|0.021|False|False
20240422|217439.613|0|0|1|40.49|0.017|0.001|-9.801|0.022|False|False
20240423|217439.613|0|0|1|30.494|0.017|0|-9.725|0.023|False|False
20240424|219254.127|0|0|1|34.44|0.016|-0.001|-9.649|0.023|False|False
20240425|219556.546|0|0|1|36.775|0.015|-0.002|-9.575|0.023|False|False
20240426|228024.278|0|0|1|52.677|0.014|-0.001|-9.499|0.023|False|False
20240429|236492.01|0|0|1|58.447|0.014|0|-9.424|0.023|False|False
20240430|234072.658|0|0|1|59.874|0.014|-0|-9.35|0.023|False|False
20240506|238911.362|0|0|1|65.059|0.014|-0|-9.277|0.023|False|False
20240507|237399.267|0|0|1|68.056|0.013|-0|-9.206|0.023|False|False
20240508|232862.982|0|0|1|59.833|0.013|-0.001|-9.136|0.023|False|False
20240509|237399.267|0|0|1|69.779|0.013|-0|-9.067|0.023|False|False
20240510|234072.658|0|0|1|61.955|0.013|0|-8.998|0.023|False|False
20240513|231653.306|0|0|1|60.527|0.014|0.001|-8.928|0.023|False|False
20240514|231048.468|0|0|1|65.59|0.014|0|-8.859|0.023|False|False
20240515|229233.954|0|0|1|63.374|0.015|0.001|-8.788|0.023|False|False
20240516|230141.211|0|0|1|63.662|0.016|0.001|-8.717|0.024|False|False
20240517|232258.144|0|0|1|64.564|0.017|0.001|-8.645|0.024|False|False
20240520|233165.401|0|0|1|65.796|0.017|-0|-8.574|0.024|False|False
20240521|231653.306|0|0|1|56.138|0.017|-0|-8.504|0.024|False|False
20240522|234375.077|0|0|1|48.146|0.018|0|-8.434|0.024|False|False
20240523|231350.887|0|0|1|48.768|0.018|0.001|-8.364|0.025|False|False
20240524|227419.44|0|0|1|34.878|0.018|-0|-8.295|0.025|False|False
20240527|228024.278|0|0|1|38.299|0.019|0.001|-8.227|0.025|False|False
20240528|225302.507|0|0|1|38.7|0.019|0.001|-8.16|0.024|False|False
20240529|226209.764|0|0|1|30.693|0.02|0.001|-8.093|0.024|False|False
20240530|226814.602|0|0|1|34.563|0.021|0|-8.028|0.024|False|False
20240531|225604.926|0|0|1|36.242|0.022|0.001|-7.962|0.024|False|False
20240603|227721.859|0|0|1|41.411|0.022|0.001|-7.896|0.024|False|False
20240604|231048.468|0|0|1|51.08|0.024|0.001|-7.83|0.025|False|False
20240605|230443.63|0|0|1|47.605|0.025|0.002|-7.764|0.025|False|False
20240606|228326.697|0|0|1|39.649|0.027|0.001|-7.699|0.025|False|False
20240607|223185.574|0|0|1|30.506|0.027|0.001|-7.634|0.025|False|False
20240611|222883.155|0|0|1|34.223|0.028|0|-7.57|0.025|False|False
20240612|221673.479|0|0|1|28.257|0.028|0|-7.508|0.025|False|False
20240613|222278.317|0|0|1|31.642|0.027|-0.001|-7.449|0.024|False|False
20240614|224395.25|0|0|1|42.542|0.025|-0.002|-7.392|0.024|False|False
20240617|226814.602|0|0|1|43.299|0.023|-0.001|-7.337|0.023|False|False
20240618|228326.697|0|0|1|51.546|0.022|-0.002|-7.283|0.022|False|False
20240619|226209.764|0|0|1|43.844|0.019|-0.002|-7.232|0.022|False|False
20240620|222278.317|0|0|1|37.815|0.017|-0.002|-7.184|0.021|False|False
20240621|221371.06|0|0|1|38.039|0.014|-0.003|-7.14|0.02|False|False
20240624|218649.289|0|0|1|29.627|0.012|-0.003|-7.101|0.018|False|False
20240625|214415.423|0|0|1|17.836|0.009|-0.003|-7.065|0.017|False|False
20240626|218044.451|0|0|1|28.891|0.006|-0.003|-7.033|0.015|False|False
20240627|214415.423|0|0|1|27.286|0.004|-0.003|-7.004|0.014|False|False
20240628|211996.071|0|0|1|29.529|0.001|-0.003|-6.977|0.012|False|False
20240701|211391.233|0|0|1|27.551|-0.002|-0.003|-6.953|0.011|False|False
20240702|209879.138|0|0|1|26.442|-0.006|-0.004|-6.933|0.01|False|False
20240703|209274.3|0|0|1|26.089|-0.01|-0.004|-6.916|0.009|False|False
20240704|208064.624|0|0|1|20.629|-0.015|-0.005|-6.905|0.007|False|False
20240705|208971.881|0|0|1|18.484|-0.019|-0.004|-6.897|0.005|False|False
20240708|205342.853|0|0|1|14.963|-0.023|-0.004|-6.893|0.003|False|False
20240709|209274.3|0|0|1|23.882|-0.027|-0.004|-6.891|0.002|False|False
20240710|208971.881|0|0|1|26.387|-0.03|-0.003|-6.891|0.001|False|False
20240711|213205.747|0|0|1|36.572|-0.032|-0.002|-6.893|-0|False|False
20240712|213508.166|0|0|1|40.049|-0.035|-0.002|-6.896|-0.001|False|False
20240715|211391.233|0|0|1|43.852|-0.037|-0.002|-6.901|-0.001|False|False
20240716|215020.261|0|0|1|41.926|-0.039|-0.002|-6.909|-0.002|False|False
20240717|215020.261|0|0|1|48.177|-0.041|-0.002|-6.92|-0.004|False|False
20240718|217742.032|0|0|1|59.185|-0.043|-0.002|-6.934|-0.005|False|False
20240719|218649.289|0|0|1|61.05|-0.045|-0.002|-6.95|-0.006|False|False
20240722|218649.289|0|0|1|66.58|-0.046|-0.001|-6.967|-0.007|False|False
20240723|212600.909|0|0|1|52.514|-0.047|-0.002|-6.986|-0.008|False|False
20240724|209879.138|0|0|1|50.792|-0.049|-0.002|-7.006|-0.008|False|False
20240725|209274.3|0|0|1|47.587|-0.051|-0.002|-7.028|-0.009|False|False
20240726|210786.395|0|0|1|57.024|-0.053|-0.002|-7.05|-0.009|False|False
20240729|207459.786|0|0|1|46.256|-0.055|-0.002|-7.073|-0.009|False|False
20240730|206854.948|0|0|1|45.486|-0.057|-0.002|-7.097|-0.01|False|False
20240731|214113.004|0|0|1|50.613|-0.058|-0.001|-7.121|-0.01|False|False
20240801|211088.814|0|0|1|46.696|-0.059|-0.001|-7.143|-0.01|False|False
20240802|206552.529|0|0|1|43.895|-0.061|-0.001|-7.164|-0.009|False|False
20240805|202318.663|0|0|1|34.746|-0.062|-0.001|-7.184|-0.009|False|False
20240806|205040.434|0|0|1|38.921|-0.062|0|-7.202|-0.008|False|False
20240807|204435.596|0|0|1|33.64|-0.062|-0.001|-7.218|-0.008|False|False
20240808|202621.082|0|0|1|30.918|-0.063|-0|-7.232|-0.007|False|False
20240809|201108.987|0|0|1|29.506|-0.063|-0|-7.246|-0.006|False|False
20240812|200504.149|0|0|1|35.013|-0.063|-0|-7.258|-0.006|False|False
20240813|202621.082|0|0|1|41.526|-0.062|0.001|-7.27|-0.005|False|False
20240814|199899.311|0|0|1|39.044|-0.062|0|-7.279|-0.005|False|False
20240815|200806.568|0|0|1|37.518|-0.061|0.001|-7.288|-0.004|False|False
20240816|201411.406|0|0|1|40.98|-0.061|0|-7.295|-0.004|False|False
20240819|201411.406|0|0|1|41.41|-0.06|0.001|-7.302|-0.003|False|False
20240820|199294.473|0|0|1|20.924|-0.06|-0|-7.31|-0.003|False|False
20240821|198084.797|0|0|1|22.296|-0.061|-0|-7.319|-0.003|False|False
20240822|196572.702|0|0|1|24.272|-0.062|-0.001|-7.329|-0.004|False|False
20240823|196875.121|0|0|1|29.518|-0.063|-0.001|-7.34|-0.004|False|False
20240826|196270.283|0|0|1|18.184|-0.064|-0.001|-7.35|-0.004|False|False
20240827|195060.607|0|0|1|17.179|-0.065|-0.001|-7.361|-0.004|False|False
20240828|194758.188|0|0|1|18.816|-0.067|-0.001|-7.371|-0.004|False|False
20240829|195967.864|0|0|1|27.851|-0.069|-0.002|-7.381|-0.004|False|False
20240830|201108.987|0|0|1|46.23|-0.07|-0.002|-7.391|-0.004|False|False
20240902|195363.026|0|0|1|31.218|-0.072|-0.002|-7.4|-0.004|False|False
20240903|198084.797|0|0|1|42.368|-0.073|-0.001|-7.408|-0.004|False|False
20240904|197782.378|0|0|1|39.233|-0.074|-0.001|-7.416|-0.003|False|False
20240905|198992.054|0|0|1|42.798|-0.074|-0|-7.424|-0.003|False|False
20240906|195363.026|0|0|1|37.812|-0.075|-0.001|-7.433|-0.003|False|False
20240909|196270.283|0|0|1|42.376|-0.076|-0.001|-7.443|-0.004|False|False
20240910|196270.283|0|0|1|44.887|-0.076|-0|-7.452|-0.004|False|False
20240911|198689.635|0|0|1|53.116|-0.078|-0.001|-7.463|-0.004|False|False
20240912|198689.635|0|0|1|51.266|-0.079|-0.001|-7.476|-0.004|False|False
20240913|196875.121|0|0|1|47.574|-0.08|-0.001|-7.49|-0.005|False|False
20240918|196875.121|0|0|1|50.696|-0.08|-0|-7.506|-0.006|False|False
20240919|198689.635|0|0|1|53.604|-0.08|-0|-7.523|-0.006|False|False
20240920|197479.959|0|0|1|48.848|-0.081|-0|-7.542|-0.007|False|False
20240923|196875.121|0|0|1|35.758|-0.081|-0|-7.561|-0.007|False|False
20240924|208971.881|0|0|1|68.085|-0.079|0.002|-7.579|-0.008|False|False
20240925|211996.071|0|0|1|69.062|-0.077|0.002|-7.597|-0.007|False|False
20240926|221673.479|0|0|1|77.085|-0.074|0.003|-7.613|-0.007|False|False
20240927|249193.608|0|0|1|85.194|-0.068|0.006|-7.623|-0.006|False|False
20240930|297883.067|0|0|1|94.32|-0.058|0.01|-7.625|-0.004|False|False
20241008|338709.632|||0|96.265|-0.043|0.015|-7.613|0|False|False
20241009|338709.632|||0|77.168|-0.031|0.011|-7.589|0.005|False|False
20241010|338709.632|||0|73.196|-0.021|0.011|-7.555|0.009|False|False
20241011|338709.632|||0|68.103|-0.012|0.009|-7.512|0.013|False|False
20241014|338709.632|||0|69.951|-0.001|0.01|-7.459|0.017|False|False
20241015|338709.632|||0|67.031|0.008|0.009|-7.399|0.021|False|False
20241016|338709.632|||0|64.907|0.016|0.009|-7.331|0.024|False|False
20241017|338709.632|||0|65.041|0.025|0.009|-7.255|0.027|False|False
20241018|338709.632|||0|68.387|0.036|0.011|-7.171|0.031|False|False
20241021|338709.632|||0|67.121|0.047|0.011|-7.077|0.035|False|False
20241022|338709.632|||0|66.747|0.057|0.01|-6.975|0.039|False|False
20241023|338709.632|||0|64.819|0.067|0.011|-6.864|0.043|False|False
20241024|338709.632|||0|59.551|0.077|0.01|-6.745|0.047|False|False
20241025|338709.632|||0|52.473|0.088|0.01|-6.616|0.051|False|False
20241028|338709.632|||0|32.637|0.098|0.01|-6.478|0.056|False|False
20241029|338709.632|||0|42.725|0.108|0.01|-6.33|0.062|False|False
20241030|338709.632|||0|45.384|0.117|0.009|-6.173|0.067|False|False
20241031|338709.632|||0|55.618|0.127|0.01|-6.006|0.073|False|False
20241101|338709.632|||0|47.133|0.136|0.009|-5.83|0.079|False|False
20241104|338709.632|||0|59.174|0.146|0.01|-5.642|0.086|False|False
20241105|338709.632|||0|70.727|0.157|0.011|-5.441|0.094|False|False
20241106|338709.632|||0|68.727|0.167|0.011|-5.228|0.103|False|False
20241107|338709.632|||0|64.315|0.179|0.011|-5.002|0.113|False|False
20241108|338709.632|||0|59.976|0.19|0.011|-4.764|0.124|False|False
20241111|338709.632|||0|64.108|0.202|0.012|-4.513|0.137|False|False
20241112|338709.632|||0|65.161|0.212|0.01|-4.25|0.15|False|False
20241113|338709.632|||0|69.914|0.223|0.01|-3.975|0.166|False|False
20241114|338709.632|||0|57.667|0.23|0.008|-3.692|0.182|False|False
20241115|338709.632|||0|51.024|0.234|0.004|-3.406|0.199|False|False
20241118|338709.632|||0|50.962|0.231|-0.003|-3.122|0.215|False|False
20241119|338709.632|||0|57.018|0.223|-0.009|-2.846|0.229|False|False
20241120|338709.632|||0|56.92|0.219|-0.004|-2.574|0.244|False|False
20241121|338709.632|||0|60.032|0.216|-0.003|-2.304|0.262|False|False
20241122|338709.632|||0|49.293|0.214|-0.002|-2.034|0.285|False|False
20241125|338709.632|||0|40.942|0.212|-0.003|-1.766|0.314|False|False
20241126|338709.632|||0|40.873|0.21|-0.002|-1.499|0.349|False|False
20241127|338709.632|||0|38.319|0.209|-0|-1.231|0.395|False|False
20241128|338709.632|||0|37.711|0.208|-0.001|-0.964|0.454|False|False
20241129|338709.632|||0|35.985|0.205|-0.003|-0.698|0.5|False|False
20241202|338709.632|||0|39.275|0.202|-0.003|-0.435|0.5|False|False
20241203|338709.632|||0|36.021|0.199|-0.003|-0.174|0.5|False|False
20241204|338709.632|||0|39.226|0.195|-0.004|0.085|0.5|False|True
20241205|338709.632|||0|47.695|0.192|-0.003|0.342|0.5|False|True
20241206|338709.632|||0|58.033|0.189|-0.003|0.597|0.5|False|True
20241209|338709.632|||0|49.064|0.186|-0.003|0.851|0.5|False|True
20241210|338709.632|||0|49.558|0.184|-0.002|1.106|0.5|False|True
20241211|338709.632|||0|49.503|0.182|-0.002|1.359|0.5|False|True
20241212|338709.632|||0|65.691|0.181|-0.001|1.612|0.5|False|True
20241213|338709.632|||0|57.019|0.179|-0.001|1.864|0.5|False|True
20241216|338709.632|||0|55.89|0.177|-0.003|2.116|0.5|False|True
20241217|338709.632|||0|48.996|0.172|-0.004|2.366|0.468|False|True
20241218|338709.632|||0|54.751|0.168|-0.004|2.612|0.401|False|True
20241219|338709.632|||0|48.242|0.162|-0.006|2.855|0.349|False|True
20241220|338709.632|||0|41.507|0.157|-0.005|3.095|0.308|False|True
20241223|338709.632|||0|39.78|0.15|-0.007|3.329|0.275|False|True
20241224|338709.632|||0|50.026|0.144|-0.006|3.558|0.246|False|True
20241225|338709.632|||0|46.391|0.137|-0.007|3.779|0.221|False|True
20241226|338709.632|||0|38.189|0.132|-0.005|3.995|0.2|False|True
20241227|338709.632|||0|40.441|0.128|-0.004|4.209|0.183|False|True
20241230|338709.632|||0|36.547|0.125|-0.003|4.422|0.17|False|True
20241231|338709.632|||0|28.336|0.12|-0.005|4.629|0.159|False|True
20250102|338709.632|||0|14.627|0.114|-0.006|4.83|0.147|False|True
20250103|338709.632|||0|15.203|0.108|-0.006|5.023|0.136|False|True
20250106|338709.632|||0|16.918|0.103|-0.005|5.211|0.126|False|True
20250107|338709.632|||0|20.902|0.098|-0.005|5.392|0.116|False|True
20250108|338709.632|||0|19.345|0.094|-0.005|5.566|0.108|False|True
20250109|338709.632|||0|16.929|0.088|-0.006|5.733|0.1|False|True
20250110|338709.632|||0|15.353|0.083|-0.005|5.893|0.093|False|True
20250113|338709.632|||0|18.255|0.077|-0.006|6.044|0.086|False|True
20250114|338709.632|||0|32.395|0.071|-0.006|6.187|0.079|False|True
20250115|338709.632|||0|30.408|0.065|-0.006|6.322|0.073|False|True
20250116|338709.632|||0|31.211|0.06|-0.005|6.449|0.067|False|True
20250117|338709.632|||0|34.099|0.055|-0.005|6.568|0.062|False|True
20250120|338709.632|||0|39.169|0.05|-0.005|6.676|0.056|False|True
20250121|338709.632|||0|46.454|0.045|-0.005|6.775|0.05|False|True
20250122|338709.632|||0|55.935|0.039|-0.005|6.865|0.045|False|True
20250123|338709.632|||0|62.67|0.034|-0.006|6.946|0.04|False|True
20250124|338709.632|||0|66.213|0.028|-0.006|7.016|0.036|False|True
20250127|338709.632|||0|54.718|0.022|-0.005|7.077|0.031|False|True
20250205|338709.632|||0|57.634|0.018|-0.005|7.127|0.026|False|True
20250206|338709.632|||0|63.346|0.014|-0.004|7.167|0.021|False|True
20250207|338709.632|||0|73.109|0.01|-0.004|7.198|0.017|False|True
20250210|338709.632|||0|73.256|0.007|-0.004|7.221|0.013|False|True
20250211|338709.632|||0|60.377|0.003|-0.004|7.234|0.009|False|True
20250212|338709.632|||0|70.67|-0|-0.003|7.241|0.006|False|True
20250213|338709.632|||0|66.672|-0.004|-0.004|7.242|0.003|False|True
20250214|338709.632|||0|68.619|-0.007|-0.003|7.238|0|False|False
20250217|338709.632|||0|66.41|-0.01|-0.003|7.228|-0.002|False|False
20250218|338709.632|||0|58.606|-0.013|-0.003|7.212|-0.004|False|False
20250219|338709.632|||0|64.286|-0.016|-0.003|7.19|-0.007|False|False
20250220|338709.632|||0|65.222|-0.018|-0.002|7.164|-0.009|True|False
20250221|338709.632|||0|67.285|-0.018|0|7.137|-0.01|True|False
20250224|338709.632|||0|74.148|-0.017|0.001|7.107|-0.011|True|False
20250225|338709.632|||0|70.013|-0.017|0|7.078|-0.012|True|False
20250226|338709.632|||0|67.824|-0.016|0|7.046|-0.013|True|False
20250227|338709.632|||0|61.049|-0.015|0.001|7.015|-0.013|False|False
20250228|338709.632|||0|48.496|-0.015|0|6.984|-0.013|True|False
20250303|338709.632|||0|54.939|-0.014|0.001|6.953|-0.013|False|False
20250304|338709.632|||0|49.795|-0.012|0.002|6.924|-0.013|True|False
20250305|338709.632|||0|51.796|-0.011|0.002|6.897|-0.012|False|False
20250306|338709.632|||0|52.42|-0.006|0.004|6.873|-0.011|True|False
20250307|338709.632|||0|47.456|-0.004|0.003|6.852|-0.01|False|False
20250310|338709.632|||0|52.276|-0.001|0.002|6.834|-0.009|False|False
20250311|338709.632|||0|46.623|-0|0.001|6.82|-0.008|False|False
20250312|338709.632|||0|45.115|0.001|0.001|6.806|-0.007|False|False
20250313|338709.632|||0|31.983|0.001|0.001|6.794|-0.006|True|False
20250314|338709.632|||0|44.6|0.002|0.001|6.782|-0.006|False|False
20250317|338709.632|||0|46.383|0.003|0.001|6.771|-0.005|False|False
20250318|338709.632|||0|44.143|0.005|0.002|6.763|-0.004|False|False
20250319|338709.632|||0|44.862|0.008|0.002|6.758|-0.004|False|False
20250320|338709.632|||0|55.517|0.009|0.001|6.754|-0.003|False|False
20250321|338709.632|||0|42.377|0.009|-0|6.75|-0.002|False|False
20250324|338709.632|||0|43.395|0.009|-0|6.745|-0.002|False|False
20250325|338709.632|||0|42.284|0.009|0|6.74|-0.002|False|False
20250326|338709.632|||0|31.201|0.008|-0|6.733|-0.003|False|False
20250327|338709.632|||0|36.791|0.008|-0|6.725|-0.003|False|False
20250328|338709.632|||0|35.03|0.007|-0.001|6.714|-0.004|False|False
20250331|338709.632|||0|30.685|0.005|-0.002|6.702|-0.005|False|False
20250401|338709.632|||0|32.035|0.004|-0.001|6.689|-0.005|False|False
20250402|338709.632|||0|36.437|0.003|-0.001|6.674|-0.006|False|False
20250403|338709.632|||0|10.613|0.001|-0.001|6.657|-0.007|False|False
20250407|338709.632|||0|4.815|-0.004|-0.005|6.635|-0.008|False|False
20250408|338709.632|||0|8.774|-0.008|-0.004|6.609|-0.01|False|False
20250409|338709.632|||0|12.298|-0.012|-0.004|6.577|-0.012|False|False
20250410|338709.632|||0|20.203|-0.015|-0.003|6.542|-0.014|False|False
20250411|338709.632|||0|26.501|-0.018|-0.003|6.503|-0.016|False|False
20250414|338709.632|||0|27.447|-0.02|-0.001|6.462|-0.018|False|False
20250415|338709.632|||0|27.706|-0.022|-0.002|6.417|-0.019|False|False
20250416|338709.632|||0|26.725|-0.025|-0.003|6.369|-0.021|False|False
20250417|338709.632|||0|26.204|-0.028|-0.003|6.316|-0.023|False|False
20250418|338709.632|||0|27.907|-0.031|-0.003|6.258|-0.025|False|False
20250421|338709.632|||0|33.76|-0.034|-0.003|6.197|-0.027|False|False
20250422|338709.632|||0|32.819|-0.037|-0.003|6.132|-0.029|False|False
20250423|338709.632|||0|35.13|-0.04|-0.003|6.065|-0.031|False|False
20250424|338709.632|||0|36.963|-0.043|-0.003|5.996|-0.032|False|False
20250425|338709.632|||0|78|-0.045|-0.003|5.926|-0.034|False|False
20250428|338709.632|||0|70.503|-0.048|-0.003|5.855|-0.035|False|False
20250429|338709.632|||0|67.188|-0.052|-0.003|5.781|-0.036|False|False
20250430|338709.632|||0|62.635|-0.055|-0.003|5.707|-0.037|False|False
20250506|338709.632|||0|64.971|-0.057|-0.003|5.632|-0.038|False|False
20250507|338709.632|||0|65.582|-0.06|-0.002|5.558|-0.039|False|False
20250508|338709.632|||0|71.12|-0.061|-0.001|5.485|-0.039|False|False
20250509|338709.632|||0|72.861|-0.062|-0.001|5.415|-0.039|False|False
20250512|333838.818|0|0|1|77.829|-0.062|-0|5.346|-0.038|False|False
20250513|332714.784|0|0|1|76.725|-0.063|-0|5.28|-0.037|False|False
20250514|337210.92|0|0|1|75.903|-0.063|-0|5.216|-0.037|False|False
20250515|330466.716|0|0|1|69.662|-0.063|-0|5.155|-0.036|False|False
20250516|329717.36|0|0|1|66.412|-0.063|0|5.099|-0.034|False|False
20250519|328593.326|0|0|1|68.049|-0.063|-0|5.045|-0.033|False|False
20250520|330841.394|0|0|1|68.561|-0.064|-0|4.997|-0.031|False|False
20250521|334588.174|0|0|1|73.633|-0.063|0.001|4.953|-0.029|False|False
20250522|331965.428|0|0|1|69.303|-0.058|0.004|4.917|-0.025|False|False
20250523|327843.97|0|0|1|62.152|-0.055|0.004|4.889|-0.022|False|False
20250526|323722.512|0|0|1|53.364|-0.051|0.003|4.867|-0.017|False|False
20250527|321849.122|0|0|1|49.142|-0.049|0.002|4.851|-0.014|False|False
20250528|320725.088|0|0|1|41.426|-0.047|0.002|4.838|-0.01|False|False
20250529|324471.868|0|0|1|50.147|-0.045|0.002|4.83|-0.008|False|False
20250530|321099.766|0|0|1|34.644|-0.043|0.002|4.826|-0.005|False|False
20250603|321474.444|0|0|1|37.589|-0.041|0.002|4.826|-0.002|False|False
20250604|325595.902|0|0|1|37.939|-0.038|0.003|4.832|0|False|False
20250605|330092.038|0|0|1|51.192|-0.035|0.003|4.841|0.003|False|False
20250606|328218.648|0|0|1|49.998|-0.034|0.002|4.853|0.006|False|False
20250609|331590.75|0|0|1|55.809|-0.032|0.002|4.869|0.008|False|False
20250610|327469.292|0|0|1|47.797|-0.03|0.001|4.888|0.01|False|False
20250611|331965.428|0|0|1|49.327|-0.029|0.002|4.91|0.012|False|False
20250612|332714.784|0|0|1|54.369|-0.027|0.002|4.936|0.014|False|False
20250613|329717.36|0|0|1|54.531|-0.025|0.002|4.966|0.016|False|False
20250616|333464.14|0|0|1|60.687|-0.024|0.002|4.999|0.018|False|False
20250617|331590.75|0|0|1|62.281|-0.022|0.001|5.035|0.02|False|False
20250618|333089.462|0|0|1|64.699|-0.021|0.001|5.073|0.022|False|False
20250619|328593.326|0|0|1|53.015|-0.021|0.001|5.113|0.023|False|False
20250620|325221.224|0|0|1|53.566|-0.021|-0|5.154|0.024|False|False
20250623|326719.936|0|0|1|53.213|-0.02|0|5.195|0.024|False|False
20250624|334588.174|0|0|1|57.636|-0.02|0|5.237|0.024|False|False
20250625|346577.87|0|0|1|63.418|-0.019|0.001|5.281|0.025|False|False
20250626|343955.124|0|0|1|62.413|-0.019|0|5.325|0.025|False|False
20250627|345079.158|0|0|1|60.867|-0.018|0.001|5.37|0.025|False|False
20250630|350324.65|0|0|1|69.633|-0.016|0.002|5.416|0.026|False|False
20250701|348825.938|0|0|1|65.631|-0.015|0.001|5.464|0.026|False|False
20250702|345828.514|0|0|1|59.614|-0.014|0.001|5.511|0.026|False|False
20250703|352947.396|0|0|1|69.321|-0.012|0.001|5.56|0.027|False|False
20250704|351823.362|0|0|1|66.184|-0.01|0.002|5.61|0.027|False|False
20250707|348076.582|0|0|1|62.374|-0.008|0.002|5.662|0.027|False|False
20250708|356319.498|0|0|1|67.058|-0.006|0.003|5.717|0.028|False|False
20250709|357443.532|0|0|1|72.81|-0.003|0.003|5.776|0.03|False|False
20250710|358942.244|0|0|1|76.898|0.001|0.003|5.84|0.031|False|False
20250711|360815.634|0|0|1|77.555|0.004|0.003|5.908|0.033|False|False
20250714|359316.922|0|0|1|71.628|0.007|0.003|5.98|0.035|False|False
20250715|366810.482|0|0|1|68.975|0.011|0.003|6.058|0.037|False|False
20250716|365686.448|0|0|1|71.286|0.014|0.003|6.14|0.039|False|False
20250717|372430.652|0|0|1|74.072|0.017|0.003|6.228|0.041|False|False
20250718|374304.042|0|0|1|72.144|0.021|0.004|6.321|0.043|False|False
20250721|377301.466|0|0|1|75.254|0.025|0.004|6.419|0.045|False|False
20250722|379174.856|0|0|1|82.865|0.029|0.004|6.522|0.047|False|False
20250723|379174.856|0|0|1|79.973|0.033|0.004|6.629|0.049|False|False
20250724|384420.348|0|0|1|84.848|0.037|0.004|6.74|0.05|False|False
20250725|383670.992|0|0|1|91.868|0.04|0.004|6.857|0.051|False|False
20250728|388916.484|0|0|1|90.832|0.044|0.004|6.978|0.053|False|False
20250729|396784.722|0|0|1|92.242|0.049|0.005|7.104|0.054|False|False
20250730|389665.84|0|0|1|80.016|0.053|0.004|7.236|0.055|False|False
20250731|382172.28|0|0|1|69.027|0.058|0.004|7.374|0.057|False|True
20250801|380673.568|0|0|1|69.981|0.062|0.004|7.515|0.058|False|True
20250804|382546.958|0|0|1|67.24|0.066|0.004|7.662|0.059|False|True
20250805|384420.348|0|0|1|69.373|0.07|0.004|7.813|0.06|False|True
20250806|386293.738|0|0|1|66.687|0.073|0.003|7.966|0.06|False|True
20250807|383670.992|0|0|1|61.868|0.076|0.003|8.121|0.06|False|True
20250808|382172.28|0|0|1|56.969|0.078|0.003|8.276|0.059|False|True
20250811|390415.196|0|0|1|61.575|0.081|0.003|8.43|0.058|False|True
20250812|396410.044|0|0|1|65.083|0.084|0.003|8.582|0.057|False|True
20250813|412146.52|0|0|1|69.903|0.089|0.004|8.729|0.055|False|True
20250814|409149.096|0|0|1|66.15|0.092|0.003|8.863|0.051|False|True
20250815|420389.436|0|0|1|69.359|0.096|0.004|8.991|0.048|False|True
20250818|433503.166|0|0|1|71.179|0.101|0.005|9.113|0.044|False|True
20250819|432379.132|0|0|1|76.794|0.106|0.004|9.23|0.041|False|True
20250820|434627.2|0|0|1|84.63|0.11|0.004|9.341|0.039|False|True
20250821|431629.776|0|0|1|83.287|0.114|0.004|9.448|0.037|False|True
20250822|446616.896|0|0|1|85.884|0.118|0.005|9.55|0.035|False|True
20250825|460854.66|0|0|1|87.695|0.124|0.005|9.648|0.033|False|True
20250826|456358.524|0|0|1|84.097|0.128|0.005|9.741|0.031|False|True
20250827|454485.134|0|0|1|83.675|0.133|0.004|9.826|0.029|False|True
20250828|474717.746|0|0|1|87.376|0.137|0.005|9.907|0.027|False|True
20250829|488955.51|0|0|1|87.695|0.141|0.004|9.98|0.025|False|True
20250901|500195.85|0|0|1|88.328|0.145|0.004|10.048|0.023|False|True
20250902|485958.086|0|0|1|76.437|0.148|0.003|10.109|0.02|False|True
20250903|493076.968|0|0|1|80.223|0.152|0.004|10.163|0.018|False|True
20250904|469472.254|0|0|1|65.727|0.154|0.002|10.209|0.016|False|True
20250905|506190.698|0|0|1|70.012|0.158|0.004|10.25|0.014|False|True
20250908|497198.426|0|0|1|68.419|0.161|0.003|10.285|0.012|False|True
20250909|486332.764|0|0|1|63.569|0.163|0.002|10.312|0.01|False|True
20250910|492702.29|0|0|1|65.701|0.166|0.003|10.333|0.008|False|True
20250911|520428.462|0|0|1|67.748|0.171|0.005|10.347|0.006|False|True
20250912|514433.614|0|0|1|62.889|0.176|0.005|10.355|0.004|False|True
20250915|521927.174|||0|65.83|0.18|0.005|10.357|0.002|False|True
20250916|521927.174|||0|67.74|0.185|0.005|10.352|0.001|False|False
20250917|521927.174|||0|66.305|0.19|0.005|10.341|-0.001|False|False
20250918|521927.174|||0|60.601|0.195|0.005|10.324|-0.003|False|False
20250919|521927.174|||0|57.406|0.2|0.005|10.302|-0.005|False|False
20250922|521927.174|||0|64|0.205|0.004|10.276|-0.006|False|False
20250923|521927.174|||0|63.102|0.209|0.004|10.251|-0.007|True|False
20250924|521927.174|||0|76.611|0.212|0.004|10.232|-0.007|True|False
20250925|521927.174|||0|71.777|0.217|0.004|10.226|-0.005|True|False
20250926|521927.174|||0|65.667|0.219|0.003|10.226|-0.002|False|False
20250929|521927.174|||0|75.775|0.222|0.003|10.232|0|False|False
20250930|521927.174|||0|74.49|0.225|0.003|10.243|0.002|False|False
20251009|521927.174|||0|68.716|0.228|0.003|10.259|0.003|False|False
20251010|521927.174|||0|56.917|0.23|0.002|10.279|0.005|False|False
20251013|521927.174|||0|50.953|0.23|0|10.3|0.006|False|False
20251014|521927.174|||0|41.398|0.228|-0.002|10.319|0.006|False|False
20251015|521927.174|||0|42.126|0.227|-0.001|10.341|0.006|False|False
20251016|521927.174|||0|46.007|0.226|-0.001|10.365|0.006|False|True
20251017|521927.174|||0|40.609|0.223|-0.003|10.389|0.007|False|True
20251020|521927.174|||0|43.422|0.22|-0.003|10.414|0.007|False|True
20251021|521927.174|||0|48.383|0.217|-0.003|10.438|0.007|False|True
20251022|521927.174|||0|43.039|0.214|-0.003|10.463|0.007|False|True
20251023|521927.174|||0|39.901|0.211|-0.003|10.488|0.007|False|True
20251024|521927.174|||0|51.133|0.21|-0|10.515|0.007|False|True
20251027|521927.174|||0|49.793|0.208|-0.002|10.541|0.007|False|True
20251028|521927.174|||0|49.504|0.206|-0.002|10.567|0.008|False|True
20251029|521927.174|||0|53.333|0.206|-0|10.594|0.007|False|True
20251030|521927.174|||0|58.814|0.205|-0.001|10.622|0.008|False|True
20251031|521927.174|||0|56.107|0.201|-0.004|10.651|0.008|False|True
20251103|521927.174|||0|65.5|0.198|-0.003|10.682|0.008|False|True
20251104|521927.174|||0|57.028|0.194|-0.004|10.713|0.009|False|True
20251105|521927.174|||0|58.146|0.19|-0.004|10.746|0.009|False|True
20251106|521927.174|||0|69.365|0.186|-0.004|10.782|0.009|False|True
20251107|521927.174|||0|65.227|0.182|-0.004|10.82|0.01|False|True
20251110|521927.174|||0|57.381|0.178|-0.004|10.861|0.011|False|True
20251111|521927.174|||0|55.644|0.174|-0.004|10.903|0.011|False|True
20251112|521927.174|||0|54.442|0.169|-0.005|10.944|0.012|False|True
20251113|521927.174|||0|52.343|0.165|-0.005|10.984|0.011|False|True
20251114|521927.174|||0|40.846|0.158|-0.006|11.021|0.011|False|True
20251117|521927.174|||0|40.759|0.153|-0.005|11.06|0.011|False|True
20251118|521927.174|||0|29.239|0.147|-0.006|11.099|0.01|False|True
20251119|521927.174|||0|33.396|0.14|-0.006|11.136|0.01|False|True
20251120|521927.174|||0|36.03|0.134|-0.006|11.172|0.01|False|True
20251121|521927.174|||0|28.121|0.128|-0.006|11.206|0.01|False|True
20251124|521927.174|||0|32.285|0.123|-0.005|11.241|0.009|False|True
20251125|521927.174|||0|34.52|0.12|-0.003|11.279|0.01|False|True
20251126|521927.174|||0|35.102|0.117|-0.003|11.319|0.01|False|True
20251127|521927.174|||0|35.278|0.113|-0.004|11.361|0.011|False|True
20251128|521927.174|||0|39.351|0.111|-0.002|11.406|0.011|False|True
20251201|521927.174|||0|46.445|0.109|-0.003|11.454|0.012|False|True
20251202|521927.174|||0|45.74|0.105|-0.004|11.504|0.013|False|True
20251203|521927.174|||0|35.053|0.101|-0.004|11.555|0.013|False|True
20251204|521927.174|||0|45.529|0.098|-0.003|11.608|0.013|False|True
20251205|521927.174|||0|50.388|0.093|-0.004|11.663|0.014|False|True
20251208|521927.174|||0|60.566|0.089|-0.004|11.718|0.014|False|True
20251209|521927.174|||0|61.356|0.085|-0.004|11.775|0.014|False|True
20251210|521927.174|||0|65.134|0.08|-0.005|11.833|0.015|False|True
20251211|521927.174|||0|75.714|0.075|-0.005|11.891|0.015|False|True
20251212|521927.174|||0|76.778|0.072|-0.003|11.949|0.015|False|True
20251215|521927.174|||0|65.685|0.068|-0.004|12.007|0.015|False|True
20251216|521927.174|||0|52.694|0.065|-0.004|12.065|0.015|False|True
20251217|521927.174|||0|62.191|0.062|-0.003|12.124|0.015|False|True
20251218|521927.174|||0|54.252|0.057|-0.004|12.182|0.015|False|True
20251219|521927.174|||0|52.414|0.054|-0.004|12.239|0.014|False|True
20251222|521927.174|||0|59.095|0.051|-0.003|12.296|0.014|False|True
20251223|521927.174|||0|63.082|0.049|-0.002|12.354|0.014|False|True
20251224|521927.174|||0|62.727|0.047|-0.002|12.414|0.014|False|True
20251225|521927.174|||0|60.751|0.044|-0.003|12.474|0.014|False|True
20251226|521927.174|||0|55.073|0.043|-0.002|12.534|0.015|False|True
20251229|521927.174|||0|51.227|0.041|-0.002|12.592|0.014|False|True
20251230|521927.174|||0|53.082|0.039|-0.001|12.649|0.014|False|True
20251231|521927.174|||0|53.628|0.038|-0.002|12.703|0.013|False|True
20260105|521927.174|||0|58.279|0.037|-0|12.757|0.013|False|True
20260106|521927.174|||0|65.83|0.039|0.001|12.811|0.013|False|True
20260107|521927.174|||0|74.915|0.04|0.001|12.866|0.013|False|True
20260108|521927.174|||0|64.336|0.04|0|12.92|0.013|False|True
20260109|521927.174|||0|77.766|0.04|-0|12.972|0.013|False|True
20260112|521927.174|||0|80.043|0.041|0.001|13.023|0.012|False|True
20260113|521927.174|||0|64.776|0.041|0|13.07|0.012|False|True
20260114|521927.174|||0|65.88|0.041|0|13.115|0.011|False|True
20260115|521927.174|||0|65.439|0.041|0.001|13.158|0.01|False|True
20260116|521927.174|||0|63.667|0.042|0.001|13.2|0.01|False|True
20260119|521927.174|||0|60.1|0.043|0|13.242|0.01|False|True
20260120|521927.174|||0|55.511|0.042|-0|13.284|0.01|False|True
20260121|521927.174|||0|55.266|0.041|-0.001|13.323|0.009|False|True
20260122|521927.174|||0|62.725|0.041|-0.001|13.36|0.009|False|True
20260123|521927.174|||0|56.503|0.04|-0.001|13.395|0.008|False|True
20260126|521927.174|||0|49.983|0.04|-0|13.427|0.008|False|True
20260127|521927.174|||0|51.463|0.04|-0|13.458|0.007|False|True
20260128|521927.174|||0|52.455|0.04|0.001|13.489|0.007|False|True
20260129|521927.174|||0|47.267|0.042|0.001|13.523|0.007|False|True
20260130|521927.174|||0|44.851|0.042|0|13.556|0.007|False|True
20260202|521927.174|||0|43.178|0.042|0|13.589|0.007|False|True
20260203|521927.174|||0|47.347|0.043|0|13.624|0.007|False|True
20260204|521927.174|||0|43.755|0.043|0|13.66|0.008|False|True
20260205|521927.174|||0|39.844|0.042|-0|13.697|0.008|False|True
20260206|521927.174|||0|39.811|0.041|-0.001|13.733|0.008|False|True
20260209|521927.174|||0|55.14|0.041|-0|13.771|0.008|False|True
20260210|521927.174|||0|52.37|0.041|-0|13.811|0.008|False|True
20260211|521927.174|||0|45.86|0.04|-0|13.855|0.009|False|True
20260212|521927.174|||0|48.061|0.04|0|13.903|0.01|False|True
20260213|521927.174|||0|46.242|0.041|0|13.956|0.011|False|True
20260224|521927.174|||0|47.058|0.04|-0|14.011|0.011|False|True
20260225|521927.174|||0|52.558|0.04|-0|14.069|0.012|False|True
20260226|521927.174|||0|53.363|0.039|-0.001|14.128|0.012|False|True
