20240724|290764.38|0|0|1|50|0|0|0|0|False|False
20240725|270240.78|0|0|1|50|0|0|0|0|False|False
20240726|283581.12|0|0|1|50|0|0|0|0|False|False
20240729|286431.62|0|0|1|50|0|0|0|0|False|False
20240730|283011.02|0|0|1|50|0|0|0|0|False|False
20240731|282668.96|0|0|1|50|0|0|0|0|False|False
20240801|270810.88|0|0|1|50|0|0|0|0|False|False
20240802|260435.06|0|0|1|50|0|0|0|0|False|False
20240805|208099.88|0|0|1|50|0|0|0|0|False|False
20240806|215739.22|0|0|1|50|0|0|0|0|False|False
20240807|203425.06|0|0|1|50|0|0|0|0|False|False
20240808|222922.48|0|0|1|50|0|0|0|0|False|False
20240809|224290.72|0|0|1|27.203|0|0|0|0|False|False
20240812|230219.76|0|0|1|29.739|0|0|0|0|False|False
20240813|234666.54|0|0|1|33.128|0|0|0|0|False|False
20240814|230903.88|0|0|1|36.842|0|0|0|0|False|False
20240815|220642.08|0|0|1|28.505|0|0|0|0|False|False
20240816|226799.16|0|0|1|30.084|0|0|0|0|False|False
20240819|225658.96|0|0|1|30.549|0|0|0|0|False|False
20240820|224974.84|0|0|1|30.478|0|0|0|0|False|False
20240821|228965.54|0|0|1|35.045|0|0|0|0|False|False
20240822|225316.9|0|0|1|36.815|0|0|0|0|False|False
20240823|237859.1|0|0|1|65.934|0|0|0|0|False|False
20240826|231816.04|0|0|1|58.758|0|0|0|0|False|False
20240827|223492.58|0|0|1|61.429|0|0|0|0|False|False
20240828|216651.38|0|0|1|45.827|0|0|0|0|False|False
20240829|218475.7|0|0|1|46.154|0|0|0|0|False|False
20240830|216765.4|0|0|1|40.575|0|0|0|0|False|False
20240903|211406.46|0|0|1|33.912|0|0|0|0|False|False
20240904|212090.58|0|0|1|36.409|0|0|0|0|False|False
20240905|204337.22|0|0|1|37.778|0|0|0|0|False|False
20240906|191909.04|0|0|1|26.094|0|0|0|0|False|False
20240909|203425.06|0|0|1|36.662|0|0|0|0|False|False
20240910|205933.5|0|0|1|38.822|0|0|0|0|False|False
20240911|202398.88|0|0|1|34.32|0|0|0|0|False|False
20240912|204223.2|0|0|1|37.276|0|0|0|0|False|False
20240913|209696.16|0|0|1|31.429|0|0|0|0|False|False
20240916|196469.84|0|0|1|28.709|0|0|0|0|False|False
20240917|203425.06|0|0|1|37.709|0|0|0|0|False|False
20240918|200004.46|0|0|1|39.359|0|0|0|0|False|False
20240919|212888.72|0|0|1|46.871|0|0|0|0|False|False
20240920|219957.96|0|0|1|51.687|0|0|0|0|False|False
20240923|231245.94|0|0|1|59.864|0|0|0|0|False|False
20240924|229193.58|0|0|1|58.389|0|0|0|0|False|False
20240925|222238.36|0|0|1|58.85|0|0|0|0|False|False
20240926|229307.6|0|0|1|69.524|0|0|0|0|False|False
20240927|233640.36|0|0|1|67.053|0|0|0|0|False|False
20240930|224290.72|0|0|1|59.618|0|0|0|0|False|False
20241001|215055.1|0|0|1|56.257|0|0|0|0|False|False
20241002|205021.34|0|0|1|50.365|0|0|0|0|False|False
20241003|203311.04|0|0|1|46.976|0|0|0|0|False|False
20241004|210152.24|0|0|1|56.897|0|0|0|0|False|False
20241007|211406.46|0|0|1|54.268|0|0|0|0|False|False
20241008|210836.36|0|0|1|55.975|0|0|0|0|False|False
20241009|208898.02|0|0|1|47.496|0|0|0|0|False|False
20241010|204223.2|0|0|1|39.823|0|0|0|0|False|False
20241011|212774.7|0|0|1|37.615|0|0|0|0|False|False
20241014|226685.14|0|0|1|48.549|0|0|0|0|False|False
20241015|224176.7|0|0|1|51.182|0|0|0|0|False|False
20241016|226115.04|0|0|1|47.923|0|0|0|0|False|False
20241017|224404.74|0|0|1|43.779|0|0|0|0|False|False
20241018|229421.62|0|0|1|53.67|0|0|0|0|False|False
20241021|231588|0|0|1|63.158|0|0|0|0|False|False
20241022|227027.2|0|0|1|69.185|0|0|0|0|False|False
20241023|216993.44|0|0|1|60.417|0|0|0|0|False|False
20241024|219501.88|0|0|1|57.621|0|0|0|0|False|False
20241025|213572.84|0|0|1|51.641|0|0|0|0|False|False
20241028|216651.38|0|0|1|54.243|0|0|0|0|False|False
20241029|227027.2|0|0|1|61.778|0|0|0|0|False|False
20241030|229535.64|0|0|1|66.921|0|0|0|0|False|False
20241031|216879.42|0|0|1|52.601|0|0|0|0|False|False
20241101|217107.46|0|0|1|42.657|0|0|0|0|False|False
20241104|209012.04|0|0|1|39.291|0|0|0|0|False|False
20241105|209468.12|0|0|1|37.993|0|0|0|0|False|False
20241106|233184.28|0|0|1|54.806|0|0|0|0|False|False
20241107|251313.46|0|0|1|60.48|0|0|0|0|False|False
20241108|254620.04|0|0|1|60.907|0|0|0|0|False|False
20241111|290878.4|0|0|1|73.256|0|0|0|0|False|False
20241112|284151.22|0|0|1|75.064|0|0|0|0|False|False
20241113|273775.4|0|0|1|69.132|0|0|0|0|False|False
20241114|267618.32|0|0|1|69.021|0|0|0|0|False|False
20241115|266706.16|0|0|1|67.889|0|0|0|0|False|False
20241118|273091.28|0|0|1|66.946|0|0|0|0|False|False
20241119|268530.48|0|0|1|64.132|0|0|0|0|False|False
20241120|265679.98|0|0|1|69.039|0|0|0|0|False|False
20241121|290080.26|0|0|1|73.952|0|0|0|0|False|False
20241122|284721.32|0|0|1|75.305|0|0|0|0|False|False
20241125|303306.58|0|0|1|77.974|0|0|0|0|False|False
20241126|286773.68|0|0|1|66.69|0|0|0|0|False|False
20241127|314708.58|0|0|1|68.608|0|0|0|0|False|False
20241129|310033.76|0|0|1|66.135|0|0|0|0|False|False
20241202|312770.24|0|0|1|57.921|0|0|0|0|False|False
20241203|312086.12|0|0|1|60.569|0|0|0|0|False|False
20241204|336828.46|0|0|1|71.518|0|0|0|0|False|False
20241205|330785.4|0|0|1|71.573|0|0|0|0|False|False
20241206|350852.92|0|0|1|75.413|0|0|0|0|False|False
20241209|323260.08|0|0|1|63.431|0|0|0|0|False|False
20241210|315392.7|0|0|1|62.328|0|0|0|0|False|False
20241211|343897.7|||0|66.275|0.242|0|0.242|0|False|False
20241212|343897.7|||0|62.523|0.253|0.011|0.496|0|False|False
20241213|343897.7|||0|64.965|0.266|0.012|0.761|0|False|False
20241216|343897.7|||0|63.445|0.278|0.013|1.04|0.5|False|False
20241217|343897.7|||0|66.005|0.289|0.011|1.329|0.5|False|False
20241218|343897.7|||0|51.246|0.298|0.009|1.627|0.5|False|False
20241219|343897.7|||0|44.944|0.303|0.005|1.93|0.5|False|False
20241220|343897.7|||0|45.89|0.303|0.001|2.233|0.5|False|False
20241223|343897.7|||0|45.115|0.304|0.001|2.537|0.5|False|False
20241224|343897.7|||0|40.25|0.302|-0.002|2.838|0.471|False|False
20241226|343897.7|||0|38.122|0.298|-0.004|3.136|0.404|False|False
20241227|343897.7|||0|30.759|0.288|-0.009|3.424|0.35|False|False
20241230|343897.7|||0|39.421|0.28|-0.008|3.705|0.305|False|False
20241231|343897.7|||0|40.263|0.272|-0.008|3.977|0.268|False|False
20250102|343897.7|||0|37.435|0.266|-0.006|4.242|0.239|False|False
20250103|343897.7|||0|41.371|0.256|-0.009|4.499|0.214|False|False
20250106|343897.7|||0|43.025|0.25|-0.007|4.748|0.194|False|False
20250107|343897.7|||0|32.102|0.235|-0.015|4.983|0.175|False|False
20250108|343897.7|||0|32.217|0.224|-0.011|5.207|0.158|False|False
20250110|343897.7|||0|36.748|0.215|-0.009|5.422|0.142|False|False
20250113|343897.7|||0|40.321|0.2|-0.015|5.622|0.128|False|False
20250114|343897.7|||0|42.869|0.186|-0.014|5.808|0.115|False|False
20250115|343897.7|||0|51.154|0.175|-0.011|5.983|0.103|False|False
20250116|343897.7|||0|45.054|0.16|-0.015|6.142|0.093|False|False
20250117|343897.7|||0|55.787|0.15|-0.01|6.292|0.083|False|False
20250121|343897.7|||0|49.517|0.141|-0.009|6.433|0.075|False|False
20250122|343897.7|||0|46.303|0.136|-0.005|6.569|0.069|False|False
20250123|343897.7|||0|47.518|0.13|-0.006|6.699|0.065|False|False
20250124|343897.7|||0|46.57|0.126|-0.004|6.825|0.061|False|False
20250127|343897.7|||0|37.518|0.118|-0.008|6.943|0.057|False|False
20250128|343897.7|||0|33.812|0.111|-0.006|7.054|0.053|False|False
20250129|343897.7|||0|42.25|0.106|-0.006|7.16|0.049|False|False
20250130|343897.7|||0|48.571|0.1|-0.006|7.259|0.046|False|False
20250131|343897.7|||0|51.738|0.095|-0.004|7.355|0.043|False|False
20250203|343897.7|||0|40.842|0.082|-0.014|7.437|0.039|False|False
20250204|343897.7|||0|37.513|0.066|-0.016|7.503|0.033|False|False
20250205|343897.7|||0|30.975|0.049|-0.017|7.552|0.027|False|False
20250206|343897.7|||0|32|0.037|-0.012|7.589|0.021|False|False
20250207|343897.7|||0|21.87|0.025|-0.012|7.615|0.015|False|False
20250210|343897.7|||0|29.856|0.015|-0.011|7.629|0.01|False|False
20250211|343897.7|||0|29.212|0.006|-0.009|7.635|0.006|False|False
20250212|343897.7|||0|32.991|-0.004|-0.01|7.63|0.002|False|False
20250213|343897.7|||0|28.818|-0.018|-0.013|7.612|-0.002|False|False
20250214|343897.7|||0|36.251|-0.028|-0.011|7.584|-0.007|False|False
20250218|343897.7|||0|34.953|-0.043|-0.014|7.541|-0.012|False|False
20250219|343897.7|||0|36.838|-0.053|-0.01|7.488|-0.016|False|False
20250220|343897.7|||0|34.281|-0.062|-0.009|7.427|-0.021|False|False
20250221|343897.7|||0|28.07|-0.072|-0.01|7.355|-0.025|False|False
20250224|343897.7|||0|46.4|-0.083|-0.011|7.272|-0.029|False|False
20250225|343897.7|||0|38.879|-0.093|-0.01|7.179|-0.033|False|False
20250226|343897.7|||0|32.59|-0.105|-0.012|7.074|-0.038|False|False
20250227|343897.7|||0|31.649|-0.119|-0.014|6.954|-0.044|False|False
20250228|343897.7|||0|34.34|-0.136|-0.016|6.819|-0.05|False|False
20250303|343897.7|||0|26.014|-0.154|-0.019|6.664|-0.058|False|False
20250304|343897.7|||0|29.227|-0.163|-0.009|6.502|-0.065|False|False
20250305|343897.7|||0|29.736|-0.17|-0.008|6.331|-0.072|False|False
20250306|343897.7|||0|29.524|-0.179|-0.009|6.152|-0.077|False|False
20250307|343897.7|||0|23.19|-0.188|-0.009|5.964|-0.083|False|False
20250310|343897.7|||0|19.77|-0.198|-0.01|5.766|-0.089|False|False
20250311|343897.7|||0|19.093|-0.209|-0.01|5.557|-0.097|False|False
20250312|343897.7|||0|16.037|-0.219|-0.01|5.339|-0.105|False|False
20250313|343897.7|||0|17.386|-0.23|-0.012|5.108|-0.114|False|False
20250314|343897.7|||0|22.048|-0.241|-0.01|4.867|-0.124|False|False
20250317|343897.7|||0|25.532|-0.252|-0.011|4.615|-0.135|False|False
20250318|343897.7|||0|28.458|-0.262|-0.01|4.353|-0.148|False|False
20250319|343897.7|||0|39.523|-0.272|-0.01|4.081|-0.162|False|False
20250320|343897.7|||0|38.603|-0.284|-0.012|3.797|-0.177|False|False
20250321|343897.7|||0|42.225|-0.294|-0.01|3.503|-0.195|False|False
20250324|343897.7|||0|47.758|-0.302|-0.008|3.201|-0.216|False|False
20250325|343897.7|||0|42.222|-0.308|-0.006|2.893|-0.238|False|False
20250326|343897.7|||0|40.476|-0.312|-0.004|2.581|-0.263|False|False
20250327|343897.7|||0|42.578|-0.315|-0.003|2.266|-0.292|False|False
20250328|343897.7|||0|50.308|-0.319|-0.004|1.947|-0.327|False|False
20250331|343897.7|||0|42.512|-0.323|-0.003|1.624|-0.371|False|False
20250401|343897.7|||0|52.139|-0.325|-0.003|1.299|-0.427|False|False
20250402|343897.7|||0|54.023|-0.33|-0.004|0.969|-0.5|False|False
20250403|343897.7|||0|41.158|-0.335|-0.005|0.635|-0.5|False|False
20250404|343897.7|||0|42.42|-0.338|-0.003|0.297|-0.5|False|False
20250407|343897.7|||0|33.373|-0.341|-0.002|-0.044|-0.5|False|False
20250408|343897.7|||0|22.618|-0.345|-0.004|-0.388|-0.5|False|False
20250409|343897.7|||0|35.69|-0.345|-0|-0.733|-0.5|False|False
20250410|343897.7|||0|32.07|-0.347|-0.002|-1.08|-0.5|False|False
20250411|343897.7|||0|28.556|-0.35|-0.003|-1.43|-0.5|False|False
20250414|343897.7|||0|32.922|-0.352|-0.002|-1.782|-0.5|False|False
20250415|343897.7|||0|34.152|-0.354|-0.002|-2.136|-0.5|False|False
20250416|343897.7|||0|33.333|-0.358|-0.004|-2.494|-0.5|False|False
20250417|343897.7|||0|37.176|-0.362|-0.004|-2.856|-0.5|False|False
20250421|343897.7|||0|38.443|-0.365|-0.003|-3.22|-0.5|False|False
20250422|343897.7|||0|40.749|-0.368|-0.003|-3.589|-0.439|False|False
20250423|343897.7|||0|45|-0.369|-0.001|-3.958|-0.386|False|False
20250424|343127.78|0|0|1|49.169|-0.37|-0.001|-4.328|-0.344|False|False
20250425|350826.98|0|0|1|49.824|-0.369|0.001|-4.697|-0.309|False|False
20250428|349287.14|0|0|1|65.184|-0.367|0.003|-5.064|-0.279|False|False
20250429|354676.58|0|0|1|72.285|-0.362|0.004|-5.426|-0.254|False|False
20250430|346977.38|0|0|1|60.742|-0.36|0.002|-5.786|-0.232|False|False
20250501|358269.54|0|0|1|77.681|-0.356|0.004|-6.143|-0.213|False|False
20250502|357499.62|0|0|1|74.88|-0.35|0.006|-6.493|-0.197|False|False
20250505|352623.46|0|0|1|67.539|-0.345|0.006|-6.838|-0.182|False|False
20250506|346464.1|0|0|1|67.539|-0.335|0.01|-7.173|-0.168|False|False
20250507|348773.86|0|0|1|71.011|-0.323|0.011|-7.496|-0.154|False|False
20250508|412163.94|0|0|1|82.903|-0.309|0.014|-7.805|-0.141|False|False
20250509|453739.62|0|0|1|87.113|-0.288|0.021|-8.093|-0.128|False|False
20250512|478120.42|0|0|1|87.08|-0.266|0.022|-8.359|-0.115|False|False
20250513|523802.34|0|0|1|88.713|-0.241|0.025|-8.6|-0.102|False|False
20250514|505837.54|0|0|1|83.795|-0.216|0.024|-8.816|-0.089|False|False
20250515|491722.34|0|0|1|78.505|-0.193|0.023|-9.009|-0.078|False|False
20250516|504297.7|0|0|1|80.02|-0.17|0.023|-9.179|-0.067|False|False
20250519|489669.22|0|0|1|75.24|-0.147|0.023|-9.326|-0.058|False|False
20250520|486076.26|0|0|1|76.413|-0.127|0.02|-9.454|-0.049|False|False
20250521|488386.02|0|0|1|75.58|-0.109|0.019|-9.562|-0.042|False|False
20250522|513023.46|0|0|1|77.952|-0.088|0.021|-9.65|-0.035|False|False
20250523|497368.42|0|0|1|75.044|-0.069|0.019|-9.72|-0.028|False|False
20250527|523032.42|0|0|1|78.619|-0.048|0.021|-9.767|-0.021|False|False
20250528|509173.86|0|0|1|75.06|-0.028|0.02|-9.796|-0.015|False|False
20250529|515589.86|0|0|1|69.659|-0.007|0.022|-9.802|-0.009|False|False
20250530|500191.46|0|0|1|59.805|0.013|0.02|-9.789|-0.002|False|False
20250602|492235.62|0|0|1|53.201|0.033|0.02|-9.756|0.004|False|False
20250603|510970.34|0|0|1|46.684|0.054|0.021|-9.703|0.01|False|False
20250604|510200.42|0|0|1|51.237|0.075|0.021|-9.628|0.016|False|False
20250605|491465.7|0|0|1|49.929|0.094|0.019|-9.534|0.023|False|False
20250606|482739.94|0|0|1|43.913|0.104|0.011|-9.43|0.028|False|False
20250609|501987.94|0|0|1|53.39|0.113|0.008|-9.317|0.032|False|False
20250610|539457.38|0|0|1|62.381|0.123|0.01|-9.194|0.036|False|False
20250611|546899.94|0|0|1|63.256|0.128|0.005|-9.066|0.039|False|False
20250612|523289.06|0|0|1|52.336|0.134|0.006|-8.932|0.041|False|False
20250613|491209.06|0|0|1|48.696|0.138|0.004|-8.794|0.044|False|False
20250616|517386.34|0|0|1|48.807|0.142|0.004|-8.651|0.046|False|False
20250617|491209.06|0|0|1|46.392|0.146|0.004|-8.505|0.048|False|False
20250618|484536.42|0|0|1|43.769|0.15|0.004|-8.355|0.05|False|False
20250620|468881.38|0|0|1|43.724|0.152|0.001|-8.203|0.052|False|False
20250623|449633.38|0|0|1|41.831|0.148|-0.003|-8.055|0.053|False|False
20250624|473500.9|0|0|1|42.954|0.149|0.001|-7.905|0.054|False|False
20250625|472217.7|0|0|1|42.871|0.148|-0.002|-7.758|0.054|False|False
20250626|473757.54|0|0|1|46.447|0.148|0|-7.61|0.055|False|False
20250627|468881.38|0|0|1|47.176|0.144|-0.004|-7.465|0.056|False|False
20250630|489412.58|0|0|1|47.451|0.144|-0|-7.321|0.056|False|False
20250701|466828.26|0|0|1|34.33|0.143|-0.001|-7.178|0.057|False|False
20250702|506864.1|0|0|1|42.427|0.143|0|-7.035|0.058|False|False
20250703|500191.46|0|0|1|45.332|0.142|-0.001|-6.893|0.058|False|False
20250707|494288.74|0|0|1|50.696|0.143|0.001|-6.75|0.06|False|False
20250708|507634.02|0|0|1|47.66|0.146|0.003|-6.604|0.061|False|False
20250709|538174.18|0|0|1|61.037|0.15|0.004|-6.454|0.064|False|False
20250710|547926.5|0|0|1|64.685|0.15|0|-6.305|0.066|False|False
20250711|585139.3|0|0|1|74.486|0.153|0.003|-6.152|0.068|False|False
20250714|583856.1|0|0|1|80.585|0.158|0.005|-5.994|0.071|False|False
20250715|591555.3|0|0|1|79.04|0.168|0.01|-5.826|0.076|False|False
20250716|657768.42|0|0|1|84.593|0.181|0.013|-5.646|0.082|False|False
20250717|664184.42|0|0|1|84.868|0.196|0.016|-5.45|0.091|False|False
20250718|736556.9|||0|87.641|0.215|0.019|-5.235|0.102|False|False
20250721|736556.9|||0|88.255|0.238|0.023|-4.997|0.115|False|False
20250722|736556.9|||0|91.041|0.26|0.023|-4.737|0.131|False|False
20250723|736556.9|||0|84.352|0.278|0.018|-4.459|0.148|False|False
20250724|736556.9|||0|87.83|0.298|0.02|-4.161|0.167|False|False
20250725|736556.9|||0|83.766|0.315|0.017|-3.846|0.188|False|False
20250728|736556.9|||0|84.627|0.336|0.02|-3.51|0.213|False|False
20250729|736556.9|||0|81.023|0.354|0.018|-3.156|0.241|False|False
20250730|736556.9|||0|80.34|0.373|0.02|-2.783|0.276|False|False
20250731|736556.9|||0|76.023|0.388|0.014|-2.395|0.318|False|False
20250801|736556.9|||0|65.385|0.398|0.01|-1.997|0.367|False|False
20250804|736556.9|||0|67.857|0.411|0.013|-1.586|0.43|False|False
20250805|736556.9|||0|56.145|0.421|0.01|-1.166|0.5|False|False
20250806|736556.9|||0|58.494|0.429|0.008|-0.737|0.5|False|False
20250807|736556.9|||0|59.708|0.439|0.01|-0.298|0.5|False|False
20250808|736556.9|||0|59.968|0.448|0.009|0.15|0.5|False|False
20250811|736556.9|||0|66.642|0.459|0.011|0.609|0.5|False|False
20250812|736556.9|||0|74.082|0.474|0.015|1.083|0.5|False|False
20250813|736556.9|||0|74.835|0.484|0.011|1.567|0.5|False|False
20250814|736556.9|||0|71.393|0.491|0.007|2.058|0.5|False|False
20250815|736556.9|||0|63.728|0.494|0.003|2.552|0.5|False|False
20250818|736556.9|||0|64.213|0.493|-0.001|3.045|0.5|False|False
20250819|736556.9|||0|58.094|0.489|-0.003|3.534|0.5|False|False
20250820|736556.9|||0|62.327|0.491|0.001|4.025|0.5|False|False
20250821|736556.9|||0|65.058|0.486|-0.004|4.511|0.482|False|False
20250822|736556.9|||0|70.616|0.492|0.005|5.003|0.415|False|False
20250825|736556.9|||0|63.48|0.489|-0.002|5.492|0.365|False|False
20250826|736556.9|||0|64.201|0.49|0.001|5.982|0.326|False|False
20250827|736556.9|||0|61.32|0.489|-0|6.471|0.294|False|False
20250828|736556.9|||0|56.123|0.488|-0.001|6.959|0.267|False|False
20250829|736556.9|||0|51.296|0.488|0|7.447|0.245|False|False
20250902|736556.9|||0|45.246|0.484|-0.004|7.931|0.226|False|False
20250903|736556.9|||0|45.032|0.485|0.001|8.417|0.209|False|False
20250904|736556.9|||0|44.944|0.481|-0.004|8.898|0.195|False|False
20250905|736556.9|||0|49.037|0.475|-0.006|9.373|0.182|False|False
20250908|736556.9|||0|48.715|0.466|-0.009|9.838|0.169|False|False
20250909|736556.9|||0|53.229|0.453|-0.012|10.292|0.157|False|False
20250910|736556.9|||0|49.375|0.437|-0.016|10.728|0.145|False|False
20250911|736556.9|||0|54.66|0.419|-0.018|11.147|0.133|False|False
20250912|736556.9|||0|45.56|0.407|-0.012|11.554|0.123|False|False
20250915|736556.9|||0|52.322|0.396|-0.011|11.95|0.114|False|False
20250916|736556.9|||0|46.168|0.386|-0.01|12.336|0.107|False|False
20250917|736556.9|||0|48.211|0.38|-0.006|12.716|0.101|False|False
20250918|736556.9|||0|55.697|0.372|-0.008|13.089|0.095|False|False
20250919|736556.9|||0|53.541|0.364|-0.008|13.453|0.091|False|False
20250922|736556.9|||0|45.911|0.344|-0.02|13.797|0.085|False|False
20250923|736556.9|||0|38.716|0.331|-0.014|14.128|0.079|False|False
20250924|736556.9|||0|45.522|0.315|-0.016|14.442|0.074|False|False
20250925|736556.9|||0|35.218|0.297|-0.018|14.739|0.068|False|False
20250926|736556.9|||0|41.197|0.282|-0.015|15.021|0.063|False|False
20250929|736556.9|||0|47.005|0.271|-0.011|15.292|0.059|False|False
20250930|736556.9|||0|45.274|0.261|-0.01|15.553|0.055|False|False
20251001|736556.9|||0|47.364|0.25|-0.01|15.803|0.052|False|False
20251002|736556.9|||0|44.747|0.246|-0.004|16.049|0.05|False|False
20251003|736556.9|||0|51.103|0.241|-0.005|16.291|0.047|False|False
20251006|736556.9|||0|56.965|0.241|-0.001|16.531|0.046|False|False
20251007|736556.9|||0|49.038|0.237|-0.004|16.768|0.045|False|False
20251008|736556.9|||0|48.039|0.232|-0.004|17|0.044|False|False
20251009|736556.9|||0|47.376|0.225|-0.007|17.225|0.042|False|False
20251010|736556.9|||0|46.32|0.211|-0.015|17.436|0.04|False|False
20251013|736556.9|||0|52.31|0.201|-0.009|17.637|0.037|False|False
20251014|736556.9|||0|48.928|0.191|-0.011|17.828|0.035|False|False
20251015|736556.9|||0|51.699|0.179|-0.012|17.765|0.019|False|False
20251016|736556.9|||0|46.369|0.165|-0.014|17.676|0.002|False|False
20251017|736556.9|||0|41.225|0.153|-0.012|17.563|-0.015|False|False
20251020|736556.9|||0|45.93|0.146|-0.006|17.431|-0.019|False|False
20251021|736556.9|||0|41.964|0.14|-0.006|17.282|-0.022|False|False
20251022|736556.9|||0|33.417|0.132|-0.009|17.116|-0.025|False|False
20251023|736556.9|||0|34.323|0.127|-0.005|16.94|-0.028|False|False
20251024|736556.9|||0|29.947|0.122|-0.005|16.758|-0.03|False|False
20251027|736556.9|||0|42.978|0.117|-0.005|16.571|-0.032|False|False
20251028|736556.9|||0|38.951|0.111|-0.006|16.381|-0.033|False|False
20251029|736556.9|||0|39.661|0.101|-0.01|16.184|-0.034|False|False
20251030|736556.9|||0|42.095|0.087|-0.014|15.982|-0.036|False|False
20251031|736556.9|||0|40.303|0.075|-0.012|15.777|-0.037|False|False
20251103|736556.9|||0|37.301|0.058|-0.017|15.563|-0.038|False|False
20251104|736556.9|||0|33.314|0.04|-0.018|15.337|-0.04|False|False
20251105|736556.9|||0|41.45|0.023|-0.017|15.103|-0.043|False|False
20251106|736556.9|||0|39.772|0.008|-0.015|14.861|-0.045|False|False
20251107|736556.9|||0|39.74|-0.002|-0.009|14.625|-0.046|False|False
20251110|736556.9|||0|41.709|-0.013|-0.012|14.387|-0.047|False|False
20251111|736556.9|||0|42.85|-0.025|-0.011|14.148|-0.048|False|False
20251112|736556.9|||0|41.118|-0.035|-0.01|13.913|-0.049|False|False
20251113|736556.9|||0|35.906|-0.046|-0.011|13.681|-0.049|False|False
20251114|736556.9|||0|28.426|-0.057|-0.011|13.45|-0.049|False|False
20251117|736556.9|||0|28.703|-0.071|-0.014|13.219|-0.05|False|False
20251118|736556.9|||0|33.807|-0.084|-0.013|12.986|-0.051|False|False
20251119|736556.9|||0|34.446|-0.096|-0.012|12.749|-0.052|False|False
20251120|736556.9|||0|26.983|-0.11|-0.014|12.503|-0.054|False|False
20251121|736556.9|||0|29.663|-0.126|-0.016|12.247|-0.057|False|False
20251124|736556.9|||0|43.754|-0.142|-0.017|11.979|-0.06|False|False
20251125|736556.9|||0|35.004|-0.157|-0.015|11.704|-0.064|False|False
20251126|736556.9|||0|41.835|-0.17|-0.012|11.423|-0.067|False|False
20251128|736556.9|||0|36.177|-0.178|-0.009|11.139|-0.07|False|False
20251201|736556.9|||0|26.316|-0.193|-0.014|10.847|-0.073|False|False
20251202|736556.9|||0|37.446|-0.2|-0.008|10.551|-0.076|False|False
20251203|736556.9|||0|43.04|-0.202|-0.001|10.268|-0.078|False|False
20251204|736556.9|||0|49.35|-0.206|-0.004|9.996|-0.078|False|False
20251205|736556.9|||0|46.943|-0.209|-0.003|9.738|-0.077|False|False
20251208|736556.9|||0|53.705|-0.212|-0.004|9.488|-0.076|False|False
20251209|736556.9|||0|55.563|-0.215|-0.003|9.248|-0.075|False|False
20251210|736556.9|||0|62.05|-0.215|-0|9.019|-0.074|False|False
20251211|736556.9|||0|61.208|-0.217|-0.001|8.796|-0.073|False|False
20251212|736556.9|||0|59.414|-0.217|-0|8.584|-0.072|False|False
20251215|736556.9|||0|48.736|-0.218|-0.001|8.384|-0.07|False|False
20251216|736556.9|||0|50.582|-0.217|0.001|8.196|-0.068|False|False
20251217|736556.9|||0|43.96|-0.219|-0.002|8.02|-0.066|False|False
20251218|736556.9|||0|42.697|-0.219|-0|7.854|-0.063|False|False
20251219|736556.9|||0|57.299|-0.215|0.004|7.7|-0.06|False|False
20251222|736556.9|||0|49.866|-0.211|0.005|7.561|-0.057|False|False
20251223|736556.9|||0|43.552|-0.21|0.001|7.435|-0.053|False|False
20251224|736556.9|||0|42.218|-0.208|0.002|7.32|-0.049|False|False
20251226|736556.9|||0|46.219|-0.208|0|7.217|-0.046|False|False
20251229|736556.9|||0|40.537|-0.208|0|7.129|-0.041|False|False
20251230|736556.9|||0|30.654|-0.203|0.005|7.061|-0.035|False|False
20251231|736556.9|||0|29.501|-0.201|0.002|7.014|-0.028|False|False
20260102|736556.9|||0|44.565|-0.199|0.002|6.978|-0.021|False|False
20260105|736556.9|||0|58.693|-0.195|0.004|6.954|-0.015|False|False
20260106|736556.9|||0|69.637|-0.189|0.006|6.944|-0.01|False|False
20260107|736556.9|||0|60.417|-0.186|0.003|6.947|-0.005|False|False
20260108|736556.9|||0|67.78|-0.186|-0|6.959|0.001|False|False
20260109|736556.9|||0|68.465|-0.187|-0.001|6.981|0.005|False|False
20260112|736556.9|||0|58.811|-0.186|0.001|7.013|0.01|False|False
20260113|736556.9|||0|66.86|-0.182|0.004|7.061|0.015|False|False
20260114|736556.9|||0|74.498|-0.174|0.008|7.128|0.021|False|False
20260115|736556.9|||0|69.054|-0.166|0.008|7.214|0.029|False|False
20260116|736556.9|||0|69.571|-0.157|0.009|7.319|0.037|False|False
20260120|736556.9|||0|53.108|-0.15|0.007|7.442|0.044|False|False
20260121|736556.9|||0|53.005|-0.146|0.004|7.58|0.051|False|False
20260122|736556.9|||0|48.668|-0.143|0.003|7.73|0.056|False|False
20260123|736556.9|||0|42.014|-0.14|0.003|7.892|0.061|False|False
20260126|736556.9|||0|33.625|-0.137|0.003|8.063|0.064|False|False
20260127|736556.9|||0|40.629|-0.132|0.005|8.243|0.066|False|False
20260128|736556.9|||0|44.254|-0.128|0.004|8.429|0.068|False|False
20260129|736556.9|||0|37.787|-0.127|0.002|8.622|0.069|False|False
20260130|736556.9|||0|35.283|-0.127|-0|8.817|0.07|False|False
20260202|736556.9|||0|26.577|-0.133|-0.007|9.009|0.069|False|False
20260203|736556.9|||0|21.476|-0.142|-0.009|9.197|0.067|False|False
20260204|736556.9|||0|10.436|-0.152|-0.01|9.38|0.064|False|False
20260205|736556.9|||0|9.235|-0.164|-0.012|9.554|0.06|False|False
20260206|736556.9|||0|17.933|-0.173|-0.009|9.722|0.057|False|False
20260209|736556.9|||0|24.303|-0.181|-0.008|9.885|0.054|False|False
20260210|736556.9|||0|21.64|-0.191|-0.01|10.039|0.051|False|False
20260211|736556.9|||0|22.063|-0.204|-0.012|10.182|0.047|False|False
20260212|736556.9|||0|21.418|-0.22|-0.016|10.312|0.043|False|False
20260213|736556.9|||0|27.286|-0.234|-0.014|10.43|0.039|False|False
20260217|736556.9|||0|21.564|-0.249|-0.015|10.535|0.035|False|False
20260218|736556.9|||0|21.056|-0.26|-0.011|10.633|0.031|False|False
20260219|736556.9|||0|24.379|-0.272|-0.012|10.723|0.028|False|False
20260220|736556.9|||0|27.436|-0.283|-0.01|10.805|0.026|False|False
20260223|736556.9|||0|32.523|-0.294|-0.012|10.879|0.023|False|False
20260224|736556.9|||0|32.991|-0.306|-0.011|10.942|0.02|False|False
20260225|736556.9|||0|46.821|-0.316|-0.01|10.997|0.018|False|False
20260226|736556.9|||0|57.244|-0.326|-0.01|11.04|0.015|False|False
20260227|736556.9|||0|43.662|-0.335|-0.008|11.072|0.012|False|False
20260302|736556.9|||0|45.946|-0.339|-0.005|11.095|0.009|False|False
20260303|736556.9|||0|48.258|-0.339|-0|11.116|0.007|False|False
20260304|736556.9|||0|58.701|-0.336|0.003|11.136|0.006|False|False
20260305|736556.9|||0|57.631|-0.333|0.004|11.154|0.005|False|False
20260306|736556.9|||0|47.059|-0.326|0.007|11.173|0.005|False|False
20260309|736556.9|||0|51.835|-0.321|0.005|11.186|0.004|False|False
20260310|736556.9|||0|54.622|-0.318|0.003|11.192|0.003|False|False
20260311|736556.9|||0|55.686|-0.312|0.006|11.188|0.001|False|False
20260312|736556.9|||0|54.394|-0.306|0.006|11.171|-0.001|False|False
20260313|736556.9|||0|61.735|-0.298|0.007|11.138|-0.005|False|False
20260316|736556.9|||0|68.763|-0.289|0.009|11.09|-0.009|False|False
20260317|736556.9|||0|61.683|-0.279|0.01|11.026|-0.013|False|False
20260318|736556.9|||0|57.027|-0.271|0.009|10.949|-0.017|False|False
20260319|736556.9|||0|60.024|-0.263|0.008|10.856|-0.021|False|False
20260320|736556.9|||0|54.939|-0.255|0.008|10.748|-0.025|False|False
20260323|736556.9|||0|59.467|-0.244|0.011|10.631|-0.029|False|False
20260324|736556.9|||0|47.712|-0.234|0.01|10.505|-0.032|False|False
20260325|736556.9|||0|54.992|-0.228|0.007|10.366|-0.036|False|False
20260326|736556.9|||0|54.281|-0.222|0.005|10.213|-0.039|False|False
20260327|736556.9|||0|47.097|-0.216|0.007|10.045|-0.044|False|False
20260330|736556.9|||0|48.989|-0.211|0.004|9.861|-0.049|False|False
20260331|736556.9|||0|51.045|-0.206|0.006|9.662|-0.054|False|False
20260401|736556.9|||0|53.802|-0.202|0.004|9.447|-0.06|False|False
20260402|736556.9|||0|48.204|-0.199|0.003|9.215|-0.066|False|False
20260406|736556.9|||0|38.424|-0.192|0.007|8.97|-0.072|False|False
20260407|736556.9|||0|37.321|-0.186|0.006|8.71|-0.078|False|False
20260408|736556.9|||0|51.833|-0.178|0.007|8.438|-0.084|False|False
20260409|736556.9|||0|55.342|-0.172|0.007|8.161|-0.09|False|False
20260410|736556.9|||0|58.01|-0.165|0.007|7.883|-0.095|False|False
20260413|736556.9|||0|56.92|-0.159|0.006|7.601|-0.099|False|False
20260414|736556.9|||0|62.925|-0.157|0.002|7.316|-0.104|False|False
20260415|736556.9|||0|63.176|-0.154|0.004|7.028|-0.109|False|False
20260416|736556.9|||0|73.047|-0.148|0.005|6.741|-0.113|False|False
20260417|736556.9|||0|82.218|-0.141|0.007|6.458|-0.117|False|False
20260420|736556.9|||0|70.506|-0.136|0.005|6.176|-0.121|False|False
20260421|736556.9|||0|63.971|-0.131|0.005|5.895|-0.126|False|False
20260422|736556.9|||0|66.723|-0.123|0.007|5.62|-0.13|False|False
20260423|736556.9|||0|65.5|-0.118|0.005|5.353|-0.133|False|False
20260424|736556.9|||0|62.088|-0.11|0.008|5.094|-0.136|False|False
20260427|736556.9|||0|62.088|-0.102|0.008|4.844|-0.138|False|False
20260428|736556.9|||0|56.785|-0.094|0.008|4.601|-0.14|False|False
20260429|736556.9|||0|50.76|-0.088|0.006|4.369|-0.142|False|False
20260430|736556.9|||0|50.288|-0.083|0.006|4.142|-0.145|False|False
20260501|736556.9|||0|53.08|-0.075|0.007|3.924|-0.147|False|False
