20240112|282402.43|0|0|1|50|0|0|0|0|False|False
20240116|280561.68|0|0|1|50|0|0|0|0|False|False
20240117|275407.58|0|0|1|50|0|0|0|0|False|False
20240118|263332.26|0|0|1|50|0|0|0|0|False|False
20240119|268707.25|0|0|1|50|0|0|0|0|False|False
20240122|259061.72|0|0|1|50|0|0|0|0|False|False
20240123|252876.8|0|0|1|50|0|0|0|0|False|False
20240124|254791.18|0|0|1|50|0|0|0|0|False|False
20240125|256337.41|0|0|1|50|0|0|0|0|False|False
20240126|270621.63|0|0|1|50|0|0|0|0|False|False
20240129|278500.04|0|0|1|50|0|0|0|0|False|False
20240130|280782.57|0|0|1|50|0|0|0|0|False|False
20240131|274229.5|0|0|1|35.647|0|0|0|0|False|False
20240201|277321.96|0|0|1|37.71|0|0|0|0|False|False
20240202|276732.92|0|0|1|46.385|0|0|0|0|False|False
20240205|272977.79|0|0|1|45.28|0|0|0|0|False|False
20240206|277837.37|0|0|1|51.518|0|0|0|0|False|False
20240207|284684.96|0|0|1|64.272|0|0|0|0|False|False
20240208|293667.82|0|0|1|65.915|0|0|0|0|False|False
20240209|306626.7|0|0|1|79.099|0|0|0|0|False|False
20240212|324150.64|0|0|1|88.291|0|0|0|0|False|False
20240213|318775.65|0|0|1|83.143|0|0|0|0|False|False
20240214|333722.54|0|0|1|85.198|0|0|0|0|False|False
20240215|333722.54|0|0|1|82.987|0|0|0|0|False|False
20240216|334532.47|0|0|1|81.629|0|0|0|0|False|False
20240220|335195.14|0|0|1|81.287|0|0|0|0|False|False
20240221|328568.44|0|0|1|81.218|0|0|0|0|False|False
20240222|335489.66|0|0|1|82.01|0|0|0|0|False|False
20240223|329525.63|0|0|1|77.429|0|0|0|0|False|False
20240226|351393.74|0|0|1|84.288|0|0|0|0|False|False
20240227|367665.97|0|0|1|85.714|0|0|0|0|False|False
20240228|389092.3|0|0|1|87.198|0|0|0|0|False|False
20240229|400063.17|0|0|1|87.377|0|0|0|0|False|False
20240301|406395.35|0|0|1|86.761|0|0|0|0|False|False
20240304|436436.39|0|0|1|87.879|0|0|0|0|False|False
20240305|398958.72|0|0|1|72.234|0|0|0|0|False|False
20240306|431724.07|0|0|1|74.731|0|0|0|0|False|False
20240307|436289.13|0|0|1|75.3|0|0|0|0|False|False
20240308|447186.37|0|0|1|76.471|0|0|0|0|False|False
20240311|464563.05|0|0|1|78.184|0|0|0|0|False|False
20240312|460218.88|0|0|1|78.97|0|0|0|0|False|False
20240313|474208.58|0|0|1|79.604|0|0|0|0|False|False
20240314|446450.07|0|0|1|72.829|0|0|0|0|False|False
20240315|445345.62|0|0|1|69.962|0|0|0|0|False|False
20240318|430987.77|0|0|1|63.565|0|0|0|0|False|False
20240319|414936.43|0|0|1|55.667|0|0|0|0|False|False
20240320|424066.55|0|0|1|55.306|0|0|0|0|False|False
20240321|420090.53|0|0|1|53.059|0|0|0|0|False|False
20240322|411696.71|0|0|1|43.882|0|0|0|0|False|False
20240325|458009.98|0|0|1|63.992|0|0|0|0|False|False
20240326|447701.78|0|0|1|54.237|0|0|0|0|False|False
20240327|442105.9|0|0|1|51.534|0|0|0|0|False|False
20240328|456979.16|0|0|1|52.529|0|0|0|0|False|False
20240401|449395.27|0|0|1|45.873|0|0|0|0|False|False
20240402|424581.96|0|0|1|41.276|0|0|0|0|False|False
20240403|424066.55|0|0|1|36.858|0|0|0|0|False|False
20240404|441295.97|0|0|1|48.57|0|0|0|0|False|False
20240405|434006.6|0|0|1|46.959|0|0|0|0|False|False
20240408|462648.67|0|0|1|57.887|0|0|0|0|False|False
20240409|444093.91|0|0|1|57.174|0|0|0|0|False|False
20240410|451604.17|0|0|1|56.83|0|0|0|0|False|False
20240411|454254.85|0|0|1|58.529|0|0|0|0|False|False
20240412|430840.51|0|0|1|54.446|0|0|0|0|False|False
20240415|407647.06|0|0|1|36.897|0|0|0|0|False|False
20240416|404186.45|0|0|1|38.26|0|0|0|0|False|False
20240417|392479.28|0|0|1|37.038|0|0|0|0|False|False
20240418|409340.55|0|0|1|37.686|0|0|0|0|False|False
20240419|414715.54|0|0|1|40.932|0|0|0|0|False|False
20240422|428778.87|0|0|1|51.163|0|0|0|0|False|False
20240423|428484.35|0|0|1|51.225|0|0|0|0|False|False
20240424|411623.08|0|0|1|41.752|0|0|0|0|False|False
20240425|416850.81|0|0|1|45.176|0|0|0|0|False|False
20240426|410518.63|0|0|1|33.239|0|0|0|0|False|False
20240429|405585.42|0|0|1|36.43|0|0|0|0|False|False
20240430|380551.22|0|0|1|27.714|0|0|0|0|False|False
20240501|366119.74|0|0|1|24.258|0|0|0|0|False|False
20240502|382391.97|0|0|1|35.233|0|0|0|0|False|False
20240503|400431.32|0|0|1|47.729|0|0|0|0|False|False
20240506|407131.65|0|0|1|50.908|0|0|0|0|False|False
20240507|406174.46|0|0|1|54.523|0|0|0|0|False|False
20240508|400284.06|0|0|1|46.775|0|0|0|0|False|False
20240509|402492.96|0|0|1|45.547|0|0|0|0|False|False
20240510|390638.53|0|0|1|35.878|0|0|0|0|False|False
20240513|406910.76|0|0|1|42.857|0|0|0|0|False|False
20240514|396602.56|0|0|1|44.801|0|0|0|0|False|False
20240515|425980.93|0|0|1|52.707|0|0|0|0|False|False
20240516|419869.64|0|0|1|52.777|0|0|0|0|False|False
20240517|432902.15|0|0|1|57.739|0|0|0|0|False|False
20240520|452266.84|0|0|1|70.991|0|0|0|0|False|False
20240521|446229.18|0|0|1|74.66|0|0|0|0|False|False
20240522|449837.05|0|0|1|72.517|0|0|0|0|False|False
20240523|432386.74|0|0|1|60.711|0|0|0|0|False|False
20240524|446008.29|0|0|1|62.453|0|0|0|0|False|False
20240528|440559.67|0|0|1|60.706|0|0|0|0|False|False
20240529|432902.15|0|0|1|60.045|0|0|0|0|False|False
20240530|442915.83|0|0|1|61.878|0|0|0|0|False|False
20240531|435258.31|0|0|1|63.443|0|0|0|0|False|False
20240603|445861.03|0|0|1|62.15|0|0|0|0|False|False
20240604|454107.59|0|0|1|68.171|0.089|0|0.089|0|False|False
20240605|459335.32|0|0|1|62.438|0.087|-0.002|0.177|0|False|False
20240606|453960.33|0|0|1|62.783|0.086|-0.001|0.263|0|False|False
20240607|445419.25|0|0|1|54.857|0.084|-0.002|0.347|0.5|False|False
20240610|447628.15|0|0|1|47.924|0.082|-0.002|0.429|0.5|False|False
20240611|434080.23|0|0|1|44.904|0.08|-0.002|0.51|0.5|False|False
20240612|434448.38|0|0|1|43.365|0.08|0|0.59|0.5|False|False
20240613|428042.57|0|0|1|47.93|0.081|0.001|0.671|0.5|False|False
20240614|421563.13|0|0|1|37.5|0.079|-0.001|0.75|0.472|False|False
20240617|429367.91|0|0|1|44.412|0.077|-0.002|0.827|0.403|False|False
20240618|414421.02|0|0|1|41.398|0.074|-0.004|0.901|0.343|False|False
20240620|418912.45|0|0|1|38.223|0.071|-0.003|0.971|0.295|False|False
20240621|413390.2|0|0|1|39.041|0.068|-0.002|1.04|0.257|False|False
20240624|381508.41|0|0|1|23.418|0.064|-0.004|1.103|0.225|False|False
20240625|398885.09|0|0|1|28.79|0.061|-0.003|1.165|0.199|False|False
20240626|392626.54|0|0|1|24.579|0.057|-0.004|1.222|0.175|False|False
20240627|395498.11|0|0|1|27.288|0.054|-0.003|1.275|0.156|False|False
20240628|386294.36|0|0|1|27.149|0.048|-0.006|1.323|0.136|False|False
20240701|407058.02|0|0|1|36.287|0.043|-0.004|1.367|0.119|False|False
20240702|398443.31|0|0|1|37.539|0.038|-0.006|1.404|0.101|False|False
20240703|389313.19|0|0|1|35.129|0.03|-0.007|1.435|0.084|False|False
20240705|363984.47|0|0|1|31.234|0.022|-0.008|1.457|0.066|False|False
20240708|363763.58|0|0|1|32.423|0.014|-0.008|1.471|0.048|False|False
20240709|372599.18|0|0|1|32.844|0.008|-0.006|1.479|0.031|False|False
20240710|369285.83|0|0|1|35.328|0.001|-0.007|1.48|0.016|False|False
20240711|369580.35|0|0|1|33.514|-0.005|-0.007|1.475|0.003|False|False
20240712|371347.47|0|0|1|35.588|-0.011|-0.006|1.464|-0.01|False|False
20240715|408898.77|0|0|1|59.038|-0.016|-0.004|1.448|-0.022|False|False
20240716|420237.79|0|0|1|57.338|-0.019|-0.003|1.429|-0.031|False|False
20240717|416335.4|0|0|1|58.282|-0.023|-0.004|1.406|-0.04|False|False
20240718|409414.18|0|0|1|54.727|-0.029|-0.005|1.377|-0.049|False|False
20240719|433564.82|0|0|1|64.578|-0.033|-0.004|1.344|-0.059|False|False
20240722|439823.37|0|0|1|61.097|-0.035|-0.003|1.309|-0.069|False|False
20240723|422004.91|0|0|1|57.512|-0.038|-0.003|1.271|-0.077|False|False
20240724|422741.21|0|0|1|61.26|-0.041|-0.002|1.231|-0.085|False|False
20240725|416335.4|0|0|1|70.21|-0.042|-0.002|1.188|-0.092|False|False
20240726|438277.14|0|0|1|74.635|-0.042|0|1.146|-0.098|False|False
20240729|433343.93|0|0|1|70.615|-0.042|-0|1.104|-0.103|False|False
20240730|424361.07|0|0|1|67.998|-0.042|0|1.062|-0.106|False|False
20240731|420164.16|0|0|1|66.119|-0.042|-0|1.02|-0.11|False|False
20240801|407573.43|0|0|1|60.799|-0.042|0|0.978|-0.114|False|False
20240802|402640.22|0|0|1|47.684|-0.042|0|0.937|-0.118|False|False
20240805|344619.78|0|0|1|29.202|-0.045|-0.003|0.892|-0.126|False|False
20240806|365825.22|0|0|1|37.315|-0.043|0.001|0.849|-0.133|False|False
20240807|352571.82|0|0|1|36.165|-0.045|-0.002|0.804|-0.142|False|False
20240808|382981.01|0|0|1|38.052|-0.044|0.001|0.759|-0.149|False|False
20240809|391006.68|0|0|1|38.565|-0.044|0.001|0.716|-0.156|False|False
20240812|380403.96|0|0|1|39.914|-0.043|0|0.672|-0.163|False|False
20240813|392037.5|0|0|1|42.93|-0.044|-0|0.629|-0.172|False|False
20240814|379373.14|0|0|1|41.727|-0.044|-0.001|0.584|-0.184|False|False
20240815|367297.82|0|0|1|33.379|-0.045|-0.001|0.539|-0.198|False|False
20240816|384674.5|0|0|1|39.231|-0.042|0.003|0.497|-0.209|False|False
20240819|379962.18|0|0|1|39.987|-0.039|0.003|0.458|-0.216|False|False
20240820|383496.42|0|0|1|41.706|-0.037|0.002|0.422|-0.218|False|False
20240821|396749.82|0|0|1|47.559|-0.033|0.004|0.389|-0.219|False|False
20240822|388356|0|0|1|46.828|-0.03|0.003|0.358|-0.218|False|False
20240823|410371.37|0|0|1|67.38|-0.027|0.003|0.332|-0.213|False|False
20240826|408015.21|0|0|1|62.387|-0.026|0|0.306|-0.214|False|False
20240827|400063.17|0|0|1|64.391|-0.027|-0.001|0.279|-0.223|False|False
20240828|379004.99|0|0|1|48.723|-0.029|-0.002|0.25|-0.247|False|False
20240829|381361.15|0|0|1|46.784|-0.029|-0|0.221|-0.277|False|False
20240830|377237.87|0|0|1|48.897|-0.032|-0.003|0.189|-0.322|False|False
20240903|373335.48|0|0|1|43.113|-0.036|-0.004|0.153|-0.387|False|False
20240904|373777.26|0|0|1|47.735|-0.038|-0.002|0.116|-0.477|False|False
20240905|360744.75|0|0|1|47.368|-0.041|-0.003|0.074|-0.5|False|False
20240906|344178|0|0|1|33.631|-0.046|-0.004|0.029|-0.5|False|False
20240909|367960.49|0|0|1|45.797|-0.05|-0.005|-0.021|-0.5|False|False
20240910|373335.48|0|0|1|46.487|-0.055|-0.004|-0.076|-0.5|False|False
20240911|370905.69|0|0|1|40.341|-0.058|-0.004|-0.135|-0.5|False|False
20240912|376280.68|0|0|1|45.383|-0.061|-0.003|-0.196|-0.5|False|False
20240913|385189.91|0|0|1|39.299|-0.062|-0.001|-0.258|-0.5|False|False
20240916|373114.59|0|0|1|36.301|-0.063|-0.001|-0.321|-0.5|False|False
20240917|385999.84|0|0|1|44.686|-0.059|0.004|-0.38|-0.5|False|False
20240918|386441.62|0|0|1|53.329|-0.057|0.002|-0.437|-0.5|False|False
20240919|407426.17|0|0|1|60|-0.052|0.005|-0.489|-0.5|False|False
20240920|404591.415|0|0|1|60.599|-0.05|0.002|-0.539|-0.418|False|False
20240923|407794.32|0|0|1|63.425|-0.05|0.001|-0.589|-0.348|False|False
20240924|414273.76|0|0|1|65.068|-0.048|0.002|-0.637|-0.302|False|False
20240925|406837.13|0|0|1|67.896|-0.047|0.001|-0.684|-0.268|False|False
20240926|416850.81|0|0|1|79.729|-0.045|0.003|-0.728|-0.237|False|False
20240927|422888.47|0|0|1|76.286|-0.04|0.004|-0.769|-0.207|False|False
20240930|408898.77|0|0|1|65.723|-0.038|0.002|-0.807|-0.18|False|False
20241001|397486.12|0|0|1|60.887|-0.037|0.002|-0.844|-0.159|False|False
20241002|387472.44|0|0|1|54.416|-0.036|0.001|-0.88|-0.145|False|False
20241003|392847.43|0|0|1|53.108|-0.037|-0|-0.917|-0.136|False|False
20241004|401756.66|0|0|1|61.933|-0.035|0.001|-0.952|-0.128|False|False
20241007|408088.84|0|0|1|59.734|-0.036|-0|-0.988|-0.122|False|False
20241008|400578.58|0|0|1|55.864|-0.036|-0|-1.024|-0.117|False|False
20241009|392332.02|0|0|1|42.999|-0.036|0|-1.059|-0.113|False|False
20241010|384011.83|0|0|1|40.916|-0.034|0.002|-1.094|-0.107|False|False
20241011|406689.87|0|0|1|49.584|-0.031|0.003|-1.125|-0.099|False|False
20241014|424729.22|0|0|1|53.622|-0.027|0.004|-1.151|-0.087|False|False
20241015|431650.44|0|0|1|58.628|-0.021|0.005|-1.173|-0.072|False|False
20241016|436215.5|0|0|1|56.998|-0.016|0.005|-1.189|-0.057|False|False
20241017|430104.21|0|0|1|52.606|-0.01|0.006|-1.199|-0.041|False|False
20241018|442032.27|0|0|1|62.149|-0.002|0.008|-1.201|-0.024|False|False
20241021|436178.685|0|0|1|64.79|0.004|0.006|-1.197|-0.007|False|False
20241022|434301.12|0|0|1|69.088|0.009|0.005|-1.188|0.009|False|False
20241023|427600.79|0|0|1|64.014|0.014|0.005|-1.175|0.022|False|False
20241024|439749.74|0|0|1|64.931|0.019|0.005|-1.156|0.035|False|False
20241025|429956.95|0|0|1|58.366|0.023|0.004|-1.132|0.047|False|False
20241028|448658.97|0|0|1|66.943|0.03|0.007|-1.102|0.062|False|False
20241029|467213.73|0|0|1|74.601|0.036|0.006|-1.066|0.078|False|False
20241030|462354.15|0|0|1|76.337|0.042|0.006|-1.023|0.096|False|False
20241031|449689.79|0|0|1|65.499|0.046|0.003|-0.978|0.113|False|False
20241101|445271.99|0|0|1|58.211|0.049|0.003|-0.929|0.128|False|False
20241104|432754.89|0|0|1|50.423|0.051|0.002|-0.878|0.142|False|False
20241105|446670.96|0|0|1|53.733|0.053|0.002|-0.825|0.156|False|False
20241106|491143.48|0|0|1|67.107|0.058|0.005|-0.767|0.175|False|False
20241107|493205.12|0|0|1|65.181|0.063|0.005|-0.704|0.198|False|False
20241108|494677.72|0|0|1|67.818|0.067|0.004|-0.637|0.228|False|False
20241111|560687.015|0|0|1|77.681|0.075|0.009|-0.562|0.267|False|False
20241112|577143.32|0|0|1|81.41|0.086|0.01|-0.476|0.324|False|False
20241113|577879.62|0|0|1|80.474|0.096|0.01|-0.38|0.404|False|False
20241114|562564.58|0|0|1|78.56|0.106|0.009|-0.274|0.5|False|False
20241115|589513.16|0|0|1|79.296|0.115|0.01|-0.159|0.5|False|False
20241118|589954.94|0|0|1|77.608|0.125|0.009|-0.034|0.5|False|False
20241119|596066.23|0|0|1|79.908|0.135|0.01|0.101|0.5|False|False
20241120|607773.4|0|0|1|85.511|0.146|0.012|0.247|0.5|False|False
20241121|629273.36|||0|88.535|0.16|0.013|0.407|0.5|False|False
20241122|629273.36|||0|93.524|0.171|0.011|0.578|0.5|False|False
20241125|629273.36|||0|82.818|0.179|0.008|0.757|0.5|False|False
20241126|629273.36|||0|70.257|0.185|0.006|0.942|0.5|False|False
20241127|629273.36|||0|74.179|0.192|0.008|1.134|0.5|False|False
20241129|629273.36|||0|74.321|0.2|0.008|1.334|0.5|False|False
20241202|629273.36|||0|63.164|0.207|0.007|1.541|0.5|False|False
20241203|629273.36|||0|59.917|0.214|0.007|1.755|0.5|False|False
20241204|629273.36|||0|63.868|0.223|0.009|1.977|0.482|False|False
20241205|629273.36|||0|68.652|0.233|0.01|2.21|0.434|False|False
20241206|629273.36|||0|67.025|0.242|0.009|2.452|0.397|False|False
20241209|629273.36|||0|56.319|0.25|0.008|2.702|0.367|False|False
20241210|629273.36|||0|55.497|0.258|0.008|2.96|0.339|False|False
20241211|629273.36|||0|59.201|0.266|0.008|3.226|0.316|False|False
20241212|629273.36|||0|52.526|0.273|0.007|3.499|0.295|False|False
20241213|629273.36|||0|53.505|0.281|0.009|3.78|0.277|False|False
20241216|629273.36|||0|65.165|0.291|0.01|4.071|0.262|False|False
20241217|629273.36|||0|74.232|0.302|0.011|4.373|0.25|False|False
20241218|629273.36|||0|55.766|0.311|0.008|4.684|0.239|False|False
20241219|629273.36|||0|48.796|0.315|0.004|4.999|0.228|False|False
20241220|629273.36|||0|50.8|0.318|0.003|5.317|0.216|False|False
20241223|629273.36|||0|46.376|0.32|0.002|5.637|0.203|False|False
20241224|629273.36|||0|49.698|0.319|-0.001|5.955|0.191|False|False
20241226|629273.36|||0|45.992|0.314|-0.005|6.269|0.179|False|False
20241227|629273.36|||0|41.588|0.309|-0.005|6.579|0.167|False|True
20241230|629273.36|||0|47.451|0.305|-0.004|6.884|0.156|False|True
20241231|629273.36|||0|46.008|0.3|-0.005|7.184|0.146|False|True
20250102|629273.36|||0|44.633|0.296|-0.004|7.481|0.137|False|True
20250103|629273.36|||0|47.815|0.292|-0.004|7.773|0.129|False|True
20250106|629273.36|||0|50.564|0.289|-0.004|8.061|0.122|False|True
20250107|629273.36|||0|38.568|0.281|-0.007|8.343|0.115|False|True
20250108|629273.36|||0|34.908|0.273|-0.008|8.616|0.108|False|True
20250110|629273.36|||0|42.088|0.267|-0.006|8.883|0.102|False|True
20250113|629273.36|||0|46.079|0.263|-0.005|9.146|0.096|False|True
20250114|629273.36|||0|50.016|0.256|-0.006|9.402|0.091|False|True
20250115|629273.36|||0|59.155|0.251|-0.005|9.654|0.087|False|True
20250116|629273.36|||0|52.355|0.247|-0.004|9.901|0.083|False|True
20250117|629273.36|||0|64.47|0.244|-0.003|10.145|0.079|False|True
20250121|629273.36|||0|67.985|0.241|-0.004|10.386|0.076|False|True
20250122|629273.36|||0|64.745|0.236|-0.004|10.622|0.073|False|True
20250123|629273.36|||0|64.423|0.23|-0.006|10.852|0.07|False|True
20250124|629273.36|||0|61.747|0.227|-0.003|11.079|0.067|False|True
20250127|629273.36|||0|54.075|0.222|-0.004|11.301|0.064|False|True
20250128|629273.36|||0|48.264|0.216|-0.007|11.516|0.061|False|True
20250129|629273.36|||0|64.002|0.211|-0.005|11.727|0.059|False|True
20250130|629273.36|||0|70.983|0.205|-0.006|11.932|0.056|False|True
20250131|629273.36|||0|61.671|0.196|-0.009|12.128|0.053|False|True
20250203|629273.36|||0|63.489|0.187|-0.009|12.315|0.05|False|True
20250204|629273.36|||0|54.175|0.181|-0.006|12.496|0.047|False|True
20250205|629273.36|||0|45.672|0.176|-0.005|12.672|0.045|False|True
20250206|629273.36|||0|43.324|0.171|-0.005|12.842|0.043|False|True
20250207|629273.36|||0|29.665|0.167|-0.004|13.009|0.041|False|True
20250210|629273.36|||0|30.685|0.161|-0.006|13.17|0.039|False|True
20250211|629273.36|||0|30.246|0.156|-0.005|13.326|0.038|False|True
20250212|629273.36|||0|36.749|0.152|-0.004|13.478|0.036|False|True
20250213|629273.36|||0|31.241|0.148|-0.004|13.626|0.035|False|True
20250214|629273.36|||0|40.378|0.145|-0.003|13.772|0.033|False|True
20250218|629273.36|||0|35.039|0.14|-0.005|13.912|0.032|False|True
20250219|629273.36|||0|32.055|0.135|-0.005|14.047|0.031|False|True
20250220|629273.36|||0|36.689|0.129|-0.006|14.176|0.029|False|True
20250221|629273.36|||0|36.398|0.125|-0.004|14.3|0.028|False|True
20250224|629273.36|||0|35.438|0.121|-0.004|14.421|0.027|False|True
20250225|629273.36|||0|31.212|0.115|-0.006|14.537|0.025|False|True
20250226|629273.36|||0|28.889|0.109|-0.006|14.646|0.024|False|True
20250227|629273.36|||0|28.322|0.101|-0.008|14.747|0.023|False|True
20250228|629273.36|||0|31.388|0.093|-0.009|14.84|0.021|False|True
20250303|629273.36|||0|31.888|0.084|-0.008|14.924|0.019|False|True
20250304|629273.36|||0|36.236|0.075|-0.01|14.999|0.017|False|True
20250305|629273.36|||0|39.785|0.066|-0.009|15.065|0.015|False|True
20250306|629273.36|||0|38.918|0.057|-0.009|15.122|0.013|False|True
20250307|629273.36|||0|34.549|0.048|-0.009|15.169|0.011|False|True
20250310|629273.36|||0|30.278|0.036|-0.011|15.205|0.009|False|True
20250311|629273.36|||0|33.74|0.028|-0.009|15.233|0.007|False|True
20250312|629273.36|||0|29.507|0.019|-0.008|15.252|0.005|False|True
20250313|629273.36|||0|30.243|0.009|-0.01|15.261|0.004|False|True
20250314|629273.36|||0|38.604|-0.001|-0.009|15.26|0.002|False|False
20250317|629273.36|||0|45.029|-0.008|-0.008|15.252|-0|False|False
20250318|629273.36|||0|47.045|-0.017|-0.008|15.235|-0.002|False|False
20250319|631981.84|0|0|1|53.064|-0.024|-0.007|15.211|-0.003|False|False
20250320|622078.96|0|0|1|49.984|-0.03|-0.007|15.181|-0.005|False|False
20250321|620301.52|0|0|1|46.934|-0.037|-0.006|15.145|-0.006|False|False
20250324|648359.68|||0|51.777|-0.042|-0.005|15.103|-0.007|True|False
20250325|648359.68|||0|46.636|-0.047|-0.005|15.056|-0.008|True|False
20250326|648359.68|||0|46.359|-0.051|-0.005|15.005|-0.009|True|False
20250327|648359.68|||0|50.017|-0.056|-0.005|14.948|-0.01|True|False
20250328|648359.68|||0|58.347|-0.062|-0.006|14.886|-0.011|True|False
20250331|648359.68|||0|48.773|-0.069|-0.007|14.817|-0.013|True|False
20250401|648359.68|||0|53.649|-0.074|-0.005|14.743|-0.014|True|False
20250402|648359.68|||0|62.405|-0.079|-0.005|14.664|-0.015|True|False
20250403|648359.68|||0|45.075|-0.086|-0.006|14.578|-0.016|True|False
20250404|648359.68|||0|49.151|-0.09|-0.005|14.488|-0.017|True|False
20250407|648359.68|||0|43.581|-0.096|-0.006|14.303|-0.025|True|False
20250408|648359.68|||0|36.113|-0.099|-0.003|14.117|-0.032|True|False
20250409|648359.68|||0|47.444|-0.099|0|13.932|-0.038|False|False
20250410|648359.68|||0|44.17|-0.099|-0|13.749|-0.039|False|False
20250411|648359.68|||0|44.286|-0.099|0|13.567|-0.039|False|False
20250414|648359.68|||0|45.965|-0.099|0|13.388|-0.039|False|False
20250415|648359.68|||0|46.79|-0.099|-0|13.209|-0.039|False|False
20250416|648359.68|||0|46.602|-0.1|-0.001|13.028|-0.04|False|False
20250417|648359.68|||0|51.651|-0.101|-0.001|12.847|-0.04|False|False
20250421|648359.68|||0|56.77|-0.1|0.001|12.67|-0.041|False|False
20250422|648359.68|||0|58.405|-0.094|0.005|12.502|-0.04|False|False
20250423|648359.68|||0|58.515|-0.091|0.004|12.341|-0.039|False|False
20250424|648359.68|||0|67.183|-0.087|0.004|12.186|-0.038|False|False
20250425|648359.68|||0|66.848|-0.081|0.006|12.041|-0.037|False|False
20250428|648359.68|||0|79.627|-0.078|0.004|11.902|-0.036|False|False
20250429|648359.68|||0|83.805|-0.074|0.004|11.771|-0.034|False|False
20250430|648359.68|||0|75.483|-0.069|0.004|11.648|-0.033|False|False
20250501|648359.68|||0|87.79|-0.065|0.004|11.536|-0.031|False|False
20250502|648359.68|||0|85.153|-0.06|0.005|11.432|-0.029|False|False
20250505|648359.68|||0|73.103|-0.056|0.005|11.339|-0.027|False|False
20250506|648359.68|||0|77.445|-0.053|0.003|11.255|-0.024|False|False
20250507|648359.68|||0|78.39|-0.05|0.003|11.183|-0.022|False|False
20250508|648359.68|||0|82.31|-0.045|0.005|11.124|-0.019|False|False
20250509|648359.68|||0|81.835|-0.039|0.006|11.076|-0.016|False|False
20250512|648359.68|||0|73.392|-0.033|0.007|11.042|-0.013|False|False
20250513|648359.68|||0|74.566|-0.025|0.008|11.023|-0.009|False|False
20250514|653355.97|0|0|1|69.748|-0.018|0.007|11.017|-0.005|False|False
20250515|652559.46|0|0|1|67.034|-0.012|0.006|11.02|-0.002|False|False
20250516|658135.03|0|0|1|70.044|-0.005|0.007|11.034|0.001|False|False
20250519|667403.51|0|0|1|71.198|0.002|0.007|11.059|0.004|False|False
20250520|677178.86|0|0|1|76.559|0.011|0.009|11.099|0.007|False|False
20250521|687316.26|0|0|1|75.693|0.021|0.01|11.152|0.011|False|False
20250522|702884.41|0|0|1|77.639|0.03|0.009|11.218|0.014|False|False
20250523|687823.13|0|0|1|78.517|0.039|0.009|11.294|0.018|False|False
20250527|695064.13|0|0|1|78.945|0.046|0.008|11.381|0.02|False|False
20250528|676309.94|0|0|1|69.556|0.052|0.006|11.475|0.023|False|False
20250529|667765.56|0|0|1|58.979|0.059|0.007|11.576|0.025|False|False
20250530|661755.53|0|0|1|53.156|0.066|0.007|11.684|0.027|False|False
20250602|660452.15|0|0|1|56.049|0.072|0.007|11.798|0.028|False|False
20250603|671748.11|0|0|1|53.337|0.078|0.006|11.919|0.03|False|False
20250604|663710.6|0|0|1|54.065|0.081|0.004|12.042|0.031|False|False
20250605|644232.31|0|0|1|47.149|0.084|0.002|12.167|0.031|False|False
20250606|659366|0|0|1|50.396|0.086|0.003|12.298|0.032|False|False
20250609|686954.21|0|0|1|55.62|0.089|0.003|12.43|0.032|False|False
20250610|692819.42|0|0|1|54.6|0.093|0.004|12.569|0.033|False|False
20250611|687895.54|0|0|1|50.176|0.097|0.004|12.71|0.034|False|False
20250612|675151.38|0|0|1|41.439|0.101|0.004|12.855|0.034|False|False
20250613|664724.34|0|0|1|42.66|0.105|0.003|13.003|0.035|False|False
20250616|687461.08|0|0|1|47.801|0.108|0.004|13.155|0.035|False|False
20250617|662045.17|0|0|1|46.027|0.112|0.003|13.311|0.035|False|False
20250618|656324.78|0|0|1|46.762|0.115|0.003|13.472|0.036|False|False
20250620|652342.23|0|0|1|47.305|0.117|0.002|13.631|0.036|False|False
20250623|652559.46|0|0|1|47.726|0.118|0|13.787|0.036|False|False
20250624|667910.38|0|0|1|48.92|0.118|0.001|13.942|0.035|False|False
20250625|681668.28|0|0|1|54.897|0.12|0.002|14.095|0.034|False|False
20250626|680364.9|0|0|1|60.938|0.12|0|14.246|0.033|False|False
20250627|675513.43|0|0|1|55.213|0.121|0.001|14.393|0.032|False|False
20250630|680654.54|0|0|1|47.622|0.121|0.001|14.541|0.032|False|False
20250701|665882.9|0|0|1|40.471|0.121|-0.001|14.689|0.031|False|False
20250702|693905.57|0|0|1|51.827|0.121|-0|14.839|0.031|False|False
20250703|691226.4|0|0|1|55.206|0.12|-0.001|14.988|0.031|False|False
20250707|683116.48|0|0|1|56.048|0.119|-0.001|15.138|0.031|False|False
20250708|687823.13|0|0|1|50.135|0.116|-0.002|15.29|0.03|False|True
20250709|707156.6|0|0|1|67.629|0.116|-0.001|15.443|0.03|False|True
20250710|717221.59|0|0|1|73.016|0.115|-0.001|15.599|0.03|False|True
20250711|747054.51|0|0|1|79.945|0.116|0.001|15.761|0.031|False|True
20250714|758350.47|0|0|1|81.258|0.118|0.002|15.93|0.031|False|True
20250715|736048.19|0|0|1|69.338|0.12|0.002|16.104|0.032|False|True
20250716|754150.69|0|0|1|70.076|0.123|0.003|16.286|0.033|False|True
20250717|752268.03|0|0|1|69.852|0.124|0.002|16.471|0.034|False|True
20250718|742058.22|0|0|1|67.845|0.126|0.002|16.659|0.034|False|True
20250721|737786.03|0|0|1|65.392|0.128|0.002|16.849|0.035|False|True
20250722|754295.51|0|0|1|73.599|0.129|0.001|17.037|0.034|False|True
20250723|748647.53|0|0|1|66.594|0.128|-0.001|17.222|0.034|False|True
20250724|752412.85|0|0|1|68.426|0.127|-0.001|17.401|0.033|False|True
20250725|738437.72|0|0|1|66.091|0.126|-0.001|17.577|0.032|False|True
20250728|746330.41|0|0|1|66.708|0.127|0|17.753|0.031|False|True
20250729|742275.45|0|0|1|60.988|0.128|0.001|17.929|0.03|False|True
20250730|746475.23|||0|56.907|0.127|-0|18.103|0.03|False|True
20250731|746475.23|||0|46.167|0.128|0.001|18.276|0.029|False|True
20250801|746475.23|||0|33.917|0.127|-0.001|18.443|0.029|False|True
20250804|746475.23|||0|45.587|0.127|0|18.609|0.028|False|True
20250805|746475.23|||0|34.098|0.127|-0|18.773|0.027|False|True
20250806|746475.23|||0|40.355|0.127|-0.001|18.935|0.027|False|True
20250807|746475.23|||0|50.514|0.126|-0|19.098|0.026|False|True
20250808|746475.23|||0|49.221|0.125|-0.001|19.259|0.026|False|True
20250811|746475.23|||0|49.221|0.125|-0|19.42|0.026|False|True
20250812|746475.23|||0|52.931|0.126|0|19.581|0.025|False|True
20250813|746475.23|||0|58.396|0.127|0.001|19.744|0.025|False|True
20250814|746475.23|||0|52.228|0.126|-0.001|19.904|0.025|False|True
20250815|746475.23|||0|47.69|0.125|-0.001|20.061|0.024|False|True
20250818|746475.23|||0|47.69|0.125|-0|20.212|0.024|False|True
20250819|746475.23|||0|43.194|0.123|-0.002|20.356|0.023|False|True
20250820|746475.23|||0|45.771|0.121|-0.002|20.494|0.022|False|True
20250821|746475.23|||0|48.206|0.118|-0.003|20.622|0.02|False|True
20250822|746475.23|||0|53.117|0.114|-0.004|20.737|0.019|False|True
20250825|746475.23|||0|45.933|0.108|-0.006|20.841|0.017|False|True
20250826|746475.23|||0|43.83|0.104|-0.004|20.936|0.015|False|True
20250827|746475.23|||0|41.536|0.098|-0.005|21.021|0.014|False|True
20250828|746475.23|||0|42.914|0.093|-0.005|21.095|0.012|False|True
20250829|746475.23|||0|33.484|0.087|-0.006|21.158|0.011|False|True
20250902|746475.23|||0|37.283|0.082|-0.005|21.21|0.009|False|True
20250903|746475.23|||0|33.83|0.077|-0.005|21.25|0.007|False|True
20250904|746475.23|||0|36.564|0.071|-0.006|21.279|0.006|False|True
20250905|746475.23|||0|41.463|0.066|-0.005|21.299|0.004|False|True
20250908|746475.23|||0|43.282|0.062|-0.004|21.311|0.003|False|True
20250909|746475.23|||0|47.047|0.057|-0.005|21.317|0.002|False|True
20250910|746475.23|||0|48.903|0.053|-0.004|21.317|0.001|False|False
20250911|746475.23|||0|54.26|0.049|-0.004|21.308|-0|False|False
20250912|746475.23|||0|50.436|0.046|-0.003|21.292|-0.001|False|False
20250915|746475.23|||0|60.344|0.045|-0.002|21.27|-0.002|False|False
20250916|746475.23|||0|62.345|0.043|-0.002|21.238|-0.003|False|False
20250917|746475.23|||0|57.577|0.042|-0.001|21.194|-0.005|False|False
20250918|746475.23|||0|60.989|0.04|-0.001|21.138|-0.006|False|False
20250919|746475.23|||0|64.66|0.038|-0.003|21.07|-0.008|True|False
20250922|746475.23|||0|52.722|0.035|-0.003|20.99|-0.01|True|False
20250923|746475.23|||0|48.608|0.031|-0.004|20.896|-0.011|True|False
20250924|746475.23|||0|58.078|0.027|-0.003|20.789|-0.013|True|False
20250925|746475.23|||0|45.408|0.022|-0.005|20.664|-0.015|True|False
20250926|746475.23|||0|43.891|0.018|-0.004|20.523|-0.018|True|False
20250929|746475.23|||0|55.296|0.016|-0.003|20.368|-0.02|True|False
20250930|746475.23|||0|51.506|0.013|-0.002|20.202|-0.022|True|False
20251001|746475.23|||0|55.171|0.013|-0|20.031|-0.024|True|False
20251002|746475.23|||0|56.803|0.014|0|19.852|-0.025|False|False
20251003|746475.23|||0|62.476|0.015|0.001|19.667|-0.026|False|False
20251006|746475.23|||0|63.77|0.016|0.001|19.476|-0.028|False|False
20251007|746475.23|||0|58.849|0.017|0.002|19.28|-0.029|False|False
20251008|746475.23|||0|58.78|0.019|0.002|19.076|-0.03|False|False
20251009|746475.23|||0|58.68|0.02|0.001|18.864|-0.031|False|False
20251010|746475.23|||0|56.372|0.021|0|18.643|-0.033|False|False
20251013|746475.23|||0|55.935|0.022|0.001|18.414|-0.035|False|False
20251014|746475.23|||0|48.853|0.022|0|18.179|-0.036|False|False
20251015|746475.23|||0|52.762|0.022|-0|17.935|-0.038|False|False
20251016|746475.23|||0|48.702|0.022|-0|17.684|-0.04|False|False
20251017|746475.23|||0|38.128|0.02|-0.001|17.423|-0.042|False|False
20251020|746475.23|||0|45.287|0.02|-0.001|17.152|-0.044|False|False
20251021|746475.23|||0|42.067|0.019|-0|16.869|-0.046|False|False
20251022|746475.23|||0|31.804|0.017|-0.002|16.575|-0.049|False|False
20251023|746475.23|||0|32.963|0.016|-0.002|16.276|-0.051|False|False
20251024|746475.23|||0|28.712|0.013|-0.002|15.972|-0.053|False|False
20251027|746475.23|||0|40.537|0.012|-0.001|15.664|-0.055|False|False
20251028|746475.23|||0|35.995|0.01|-0.002|15.356|-0.057|False|False
20251029|746475.23|||0|35.313|0.008|-0.002|15.05|-0.058|False|False
20251030|746475.23|||0|35.495|0.005|-0.003|14.746|-0.059|False|False
20251031|746475.23|||0|41.942|0.004|-0.002|14.444|-0.059|False|False
20251103|746475.23|||0|41.993|0.002|-0.001|14.146|-0.06|False|False
20251104|746475.23|||0|37.581|-0.001|-0.003|13.849|-0.061|False|False
20251105|746475.23|||0|44.821|-0.003|-0.003|13.553|-0.062|False|False
20251106|746475.23|||0|43.578|-0.005|-0.002|13.26|-0.063|False|False
20251107|746475.23|||0|41.529|-0.007|-0.002|12.972|-0.063|False|False
20251110|746475.23|||0|43.267|-0.009|-0.003|12.689|-0.064|False|False
20251111|746475.23|||0|44.137|-0.013|-0.003|12.41|-0.064|False|False
20251112|746475.23|||0|39.442|-0.017|-0.005|12.13|-0.065|False|False
20251113|746475.23|||0|35.801|-0.023|-0.006|11.85|-0.066|False|False
20251114|746475.23|||0|26.406|-0.031|-0.007|11.568|-0.068|False|False
20251117|746475.23|||0|25.769|-0.039|-0.009|11.282|-0.07|False|False
20251118|746475.23|||0|29.348|-0.047|-0.007|10.991|-0.073|False|False
20251119|746475.23|||0|29.905|-0.055|-0.009|10.695|-0.075|False|False
20251120|746475.23|||0|22.043|-0.064|-0.009|10.395|-0.079|False|False
20251121|746475.23|||0|22.855|-0.071|-0.007|10.094|-0.082|False|False
20251124|746475.23|||0|35.205|-0.078|-0.006|9.79|-0.085|False|False
20251125|746475.23|||0|28.187|-0.083|-0.006|9.484|-0.088|False|False
20251126|746475.23|||0|35.445|-0.088|-0.005|9.18|-0.091|False|False
20251128|785198.33|0|0|1|31.701|-0.092|-0.004|8.878|-0.093|False|False
20251201|739922.09|0|0|1|23.356|-0.096|-0.004|8.577|-0.096|False|False
20251202|787879.16|0|0|1|35.618|-0.099|-0.004|8.282|-0.098|False|False
20251203|804758.46|0|0|1|39.713|-0.103|-0.003|7.992|-0.1|False|False
20251204|800886.15|0|0|1|42.887|-0.106|-0.003|7.705|-0.102|False|False
20251205|773184.24|0|0|1|43.523|-0.11|-0.004|7.42|-0.104|False|False
20251208|785794.07|0|0|1|48.633|-0.113|-0.004|7.136|-0.107|False|False
20251209|806049.23|0|0|1|50.42|-0.118|-0.005|6.851|-0.111|False|False
20251210|780531.7|||0|54.419|-0.122|-0.004|6.568|-0.115|False|False
20251211|780531.7|||0|58.247|-0.126|-0.004|6.286|-0.119|False|False
20251212|780531.7|||0|58.633|-0.129|-0.003|6.006|-0.123|False|False
20251215|780531.7|||0|44.848|-0.133|-0.005|5.724|-0.129|False|False
20251216|780531.7|||0|50.472|-0.137|-0.003|5.442|-0.134|False|False
20251217|780531.7|||0|43.638|-0.139|-0.002|5.163|-0.14|False|False
20251218|780531.7|||0|40.56|-0.142|-0.003|4.886|-0.146|False|False
20251219|780531.7|||0|54.077|-0.144|-0.002|4.613|-0.152|False|False
20251222|780531.7|||0|44.58|-0.146|-0.003|4.342|-0.159|False|False
20251223|780531.7|||0|38.77|-0.15|-0.004|4.071|-0.167|False|False
20251224|780531.7|||0|38.9|-0.153|-0.003|3.802|-0.176|False|False
20251226|780531.7|||0|45.672|-0.155|-0.002|3.538|-0.185|False|False
20251229|780531.7|||0|40.686|-0.156|-0.001|3.281|-0.194|False|False
20251230|780531.7|||0|35.648|-0.156|0|3.032|-0.203|False|False
20251231|780531.7|||0|36.095|-0.155|0.001|2.793|-0.211|False|False
20260102|780531.7|||0|44.8|-0.154|0.001|2.564|-0.218|False|False
20260105|780531.7|||0|58.657|-0.15|0.004|2.348|-0.225|False|False
20260106|780531.7|||0|66.667|-0.146|0.004|2.146|-0.232|False|False
20260107|780531.7|||0|58.401|-0.141|0.004|1.957|-0.237|False|False
20260108|780531.7|||0|63.556|-0.139|0.003|1.782|-0.241|False|False
20260109|780531.7|||0|65.942|-0.135|0.003|1.619|-0.245|False|False
20260112|780531.7|||0|61.244|-0.133|0.002|1.467|-0.25|False|False
20260113|780531.7|||0|67.091|-0.13|0.003|1.328|-0.255|False|False
20260114|780531.7|||0|74.553|-0.125|0.005|1.203|-0.257|False|False
20260115|780531.7|||0|67.699|-0.122|0.003|1.09|-0.257|False|False
20260116|780531.7|||0|67.666|-0.12|0.002|0.987|-0.257|False|False
20260120|780531.7|||0|54.282|-0.119|0.001|0.892|-0.259|False|False
20260121|780531.7|||0|53.982|-0.117|0.002|0.805|-0.261|False|False
20260122|780531.7|||0|53.239|-0.115|0.001|0.726|-0.264|False|False
20260123|780531.7|||0|49.409|-0.115|0|0.653|-0.268|False|False
20260126|780531.7|||0|35.811|-0.114|0|0.585|-0.273|False|False
20260127|780531.7|||0|43.398|-0.113|0.001|0.523|-0.279|False|False
20260128|780531.7|||0|45.706|-0.112|0.001|0.468|-0.283|False|False
20260129|780531.7|||0|37.484|-0.11|0.002|0.42|-0.282|False|False
20260130|780531.7|||0|38.124|-0.109|0.001|0.381|-0.273|False|False
20260202|780531.7|||0|28.53|-0.108|0|0.346|-0.26|False|False
20260203|780531.7|||0|19.885|-0.108|0.001|0.317|-0.245|False|False
20260204|780531.7|||0|9.255|-0.109|-0.001|0.294|-0.228|False|False
20260205|780531.7|||0|7.447|-0.113|-0.004|0.271|-0.216|False|False
20260206|780531.7|||0|20.409|-0.114|-0.002|0.253|-0.204|False|False
20260209|780531.7|||0|25.208|-0.116|-0.001|0.236|-0.198|False|False
20260210|780531.7|||0|22.838|-0.118|-0.002|0.216|-0.202|False|False
20260211|780531.7|||0|22.561|-0.12|-0.002|0.195|-0.226|False|False
20260212|780531.7|||0|21.188|-0.123|-0.003|0.171|-0.274|False|False
20260213|780531.7|||0|28.335|-0.126|-0.003|0.144|-0.336|False|False
20260217|780531.7|||0|24.636|-0.13|-0.004|0.113|-0.422|False|False
20260218|780531.7|||0|23.958|-0.135|-0.005|0.078|-0.5|False|False
20260219|780531.7|||0|28.71|-0.14|-0.005|0.039|-0.5|False|False
20260220|780531.7|||0|29.94|-0.145|-0.004|-0.006|-0.5|False|False
20260223|780531.7|||0|32.002|-0.149|-0.005|-0.061|-0.5|False|False
20260224|780531.7|||0|33.339|-0.154|-0.005|-0.124|-0.5|False|False
20260225|780531.7|||0|44.521|-0.158|-0.004|-0.195|-0.5|False|False
20260226|780531.7|||0|56.337|-0.163|-0.005|-0.276|-0.5|False|False
20260227|780531.7|||0|41.357|-0.169|-0.006|-0.367|-0.5|False|False
20260302|780531.7|||0|47.256|-0.173|-0.004|-0.467|-0.5|False|False
20260303|780531.7|||0|49.047|-0.179|-0.005|-0.577|-0.5|False|False
20260304|780531.7|||0|59.081|-0.18|-0.001|-0.692|-0.5|False|False
20260305|780531.7|||0|59.705|-0.182|-0.002|-0.814|-0.5|False|False
20260306|780531.7|||0|48.895|-0.186|-0.003|-0.944|-0.5|False|False
20260309|780531.7|||0|52.119|-0.189|-0.003|-1.08|-0.5|False|False
20260310|780531.7|||0|56.483|-0.192|-0.003|-1.222|-0.5|False|False
20260311|780531.7|||0|56.091|-0.195|-0.003|-1.373|-0.454|False|False
20260312|780531.7|||0|54.686|-0.199|-0.004|-1.532|-0.418|False|False
20260313|780531.7|||0|62.767|-0.201|-0.002|-1.7|-0.391|False|False
20260316|780531.7|||0|66.378|-0.201|-0|-1.876|-0.367|False|False
20260317|780531.7|||0|60.691|-0.199|0.002|-2.057|-0.343|False|False
20260318|780531.7|||0|56.792|-0.197|0.001|-2.243|-0.319|False|False
20260319|780531.7|||0|59.058|-0.195|0.003|-2.433|-0.297|False|False
20260320|780531.7|||0|52.233|-0.189|0.006|-2.623|-0.275|False|False
20260323|780531.7|||0|55.561|-0.184|0.005|-2.818|-0.256|False|False
20260324|780531.7|||0|39.62|-0.18|0.004|-3.019|-0.241|False|False
20260325|780531.7|||0|48.836|-0.176|0.005|-3.224|-0.229|False|False
20260326|780531.7|||0|51.186|-0.171|0.004|-3.434|-0.219|False|False
20260327|780531.7|||0|41.749|-0.167|0.005|-3.647|-0.208|False|False
20260330|780531.7|||0|39.962|-0.164|0.003|-3.863|-0.198|False|False
20260331|780531.7|||0|42.18|-0.16|0.003|-4.082|-0.189|False|False
20260401|780531.7|||0|43.861|-0.156|0.004|-4.304|-0.18|False|False
20260402|780531.7|||0|39.2|-0.152|0.003|-4.528|-0.172|False|False
20260406|780531.7|||0|38.836|-0.148|0.004|-4.754|-0.165|False|False
20260407|780531.7|||0|35.557|-0.142|0.006|-4.978|-0.157|False|False
20260408|780531.7|||0|50.792|-0.136|0.006|-5.197|-0.148|False|False
20260409|780531.7|||0|55.196|-0.132|0.004|-5.415|-0.139|False|False
20260410|780531.7|||0|58.159|-0.126|0.005|-5.631|-0.131|False|False
20260413|780531.7|||0|57.187|-0.121|0.006|-5.845|-0.125|False|False
20260414|780531.7|||0|63.46|-0.117|0.004|-6.059|-0.119|False|False
20260415|780531.7|||0|61.939|-0.112|0.005|-6.273|-0.114|False|False
20260416|780531.7|||0|71.932|-0.109|0.003|-6.487|-0.11|False|False
20260417|780531.7|||0|87.717|-0.106|0.004|-6.701|-0.106|False|False
20260420|780531.7|||0|80.778|-0.101|0.004|-6.914|-0.102|False|False
20260421|780531.7|||0|72.675|-0.097|0.004|-7.126|-0.099|False|False
20260422|780531.7|||0|77.587|-0.093|0.005|-7.336|-0.095|False|False
20260423|780531.7|||0|77.496|-0.088|0.004|-7.542|-0.091|False|False
20260424|780531.7|||0|73.548|-0.084|0.005|-7.744|-0.087|False|False
20260427|780531.7|||0|73.397|-0.08|0.003|-7.945|-0.083|False|False
20260428|780531.7|||0|66.59|-0.078|0.003|-8.142|-0.08|False|False
20260429|780531.7|||0|60.942|-0.075|0.002|-8.338|-0.077|False|False
20260430|780531.7|||0|60.34|-0.071|0.004|-8.531|-0.074|False|False
20260501|780531.7|||0|64.986|-0.066|0.005|-8.718|-0.071|False|False
